LOP(亮度)	x	y
7	0	0
53	1	0
49	2	0
42	3	0
40	4	0
38	5	0
49	6	0
62	7	0
93	8	0
73	9	0
64	10	0
52	11	0
63	12	0
25	13	0
25	14	0
19	15	0
42	16	0
50	17	0
89	18	0
65	19	0
35	20	0
49	21	0
69	22	0
77	23	0
65	24	0
43	25	0
3	26	0
21	27	0
57	28	0
62	29	0
64	30	0
87	31	0
81	32	0
97	33	0
67	34	0
61	35	0
61	36	0
93	37	0
53	38	0
63	39	0
48	40	0
33	41	0
73	42	0
45	43	0
45	44	0
7	45	0
25	46	0
75	47	0
77	48	0
99	49	0
7	50	0
25	51	0
35	52	0
19	53	0
32	54	0
48	55	0
56	56	0
71	57	0
69	58	0
5	59	0
32	60	0
41	61	0
53	62	0
99	63	0
62	64	0
29	65	0
45	66	0
65	67	0
21	68	0
21	69	0
52	70	0
46	71	0
38	72	0
25	73	0
15	74	0
1	75	0
56	76	0
76	77	0
85	78	0
37	79	0
17	80	0
39	81	0
39	82	0
34	83	0
15	84	0
7	85	0
85	86	0
70	87	0
57	88	0
53	89	0
36	90	0
52	91	0
34	92	0
47	93	0
49	94	0
55	95	0
55	96	0
68	97	0
66	98	0
63	99	0
62	100	0
45	0	1
59	1	1
38	2	1
37	3	1
41	4	1
27	5	1
41	6	1
45	7	1
29	8	1
63	9	1
67	10	1
31	11	1
85	12	1
31	13	1
31	14	1
29	15	1
59	16	1
19	17	1
52	18	1
45	19	1
34	20	1
45	21	1
60	22	1
67	23	1
75	24	1
67	25	1
28	26	1
3	27	1
55	28	1
67	29	1
45	30	1
49	31	1
59	32	1
64	33	1
45	34	1
57	35	1
73	36	1
69	37	1
54	38	1
59	39	1
48	40	1
9	41	1
47	42	1
19	43	1
85	44	1
47	45	1
53	46	1
93	47	1
59	48	1
5	49	1
23	50	1
35	51	1
61	52	1
19	53	1
30	54	1
56	55	1
51	56	1
45	57	1
7	58	1
73	59	1
51	60	1
37	61	1
21	62	1
61	63	1
59	64	1
47	65	1
43	66	1
63	67	1
49	68	1
54	69	1
91	70	1
49	71	1
42	72	1
30	73	1
21	74	1
35	75	1
91	76	1
89	77	1
73	78	1
63	79	1
63	80	1
63	81	1
43	82	1
49	83	1
5	84	1
22	85	1
47	86	1
69	87	1
3	88	1
91	89	1
5	90	1
87	91	1
3	92	1
43	93	1
45	94	1
61	95	1
87	96	1
85	97	1
67	98	1
63	99	1
62	100	1
71	0	2
41	1	2
7	2	2
29	3	2
35	4	2
42	5	2
53	6	2
50	7	2
51	8	2
83	9	2
63	10	2
47	11	2
53	12	2
37	13	2
41	14	2
7	15	2
93	16	2
71	17	2
55	18	2
29	19	2
11	20	2
36	21	2
59	22	2
52	23	2
44	24	2
3	25	2
39	26	2
59	27	2
49	28	2
49	29	2
47	30	2
5	31	2
44	32	2
55	33	2
89	34	2
21	35	2
59	36	2
56	37	2
35	38	2
57	39	2
77	40	2
44	41	2
47	42	2
19	43	2
47	44	2
43	45	2
50	46	2
55	47	2
33	48	2
81	49	2
47	50	2
38	51	2
29	52	2
43	53	2
15	54	2
97	55	2
81	56	2
53	57	2
52	58	2
52	59	2
65	60	2
73	61	2
60	62	2
91	63	2
67	64	2
57	65	2
99	66	2
49	67	2
60	68	2
57	69	2
51	70	2
79	71	2
53	72	2
33	73	2
5	74	2
73	75	2
45	76	2
50	77	2
57	78	2
81	79	2
60	80	2
89	81	2
65	82	2
54	83	2
36	84	2
31	85	2
75	86	2
19	87	2
39	88	2
61	89	2
42	90	2
43	91	2
41	92	2
35	93	2
27	94	2
59	95	2
93	96	2
37	97	2
55	98	2
60	99	2
61	100	2
43	0	3
33	1	3
99	2	3
45	3	3
29	4	3
55	5	3
79	6	3
50	7	3
43	8	3
48	9	3
51	10	3
41	11	3
45	12	3
23	13	3
89	14	3
75	15	3
47	16	3
61	17	3
39	18	3
5	19	3
81	20	3
32	21	3
9	22	3
39	23	3
47	24	3
7	25	3
69	26	3
60	27	3
35	28	3
1	29	3
79	30	3
51	31	3
57	32	3
60	33	3
67	34	3
87	35	3
89	36	3
60	37	3
53	38	3
59	39	3
51	40	3
44	41	3
81	42	3
97	43	3
41	44	3
45	45	3
49	46	3
46	47	3
43	48	3
51	49	3
46	50	3
41	51	3
49	52	3
77	53	3
35	54	3
46	55	3
42	56	3
35	57	3
97	58	3
21	59	3
50	60	3
67	61	3
57	62	3
62	63	3
63	64	3
63	65	3
83	66	3
76	67	3
85	68	3
63	69	3
58	70	3
66	71	3
57	72	3
45	73	3
53	74	3
71	75	3
99	76	3
11	77	3
23	78	3
39	79	3
9	80	3
55	81	3
77	82	3
65	83	3
56	84	3
47	85	3
47	86	3
26	87	3
7	88	3
75	89	3
61	90	3
64	91	3
83	92	3
31	93	3
39	94	3
56	95	3
50	96	3
47	97	3
58	98	3
61	99	3
62	100	3
15	0	4
49	1	4
1	2	4
31	3	4
65	4	4
48	5	4
23	6	4
31	7	4
23	8	4
15	9	4
63	10	4
56	11	4
57	12	4
34	13	4
56	14	4
59	15	4
53	16	4
50	17	4
37	18	4
15	19	4
26	20	4
3	21	4
34	22	4
49	23	4
32	24	4
31	25	4
56	26	4
77	27	4
68	28	4
69	29	4
74	30	4
63	31	4
65	32	4
63	33	4
33	34	4
59	35	4
57	36	4
45	37	4
19	38	4
53	39	4
23	40	4
3	41	4
38	42	4
38	43	4
11	44	4
49	45	4
57	46	4
35	47	4
44	48	4
47	49	4
44	50	4
31	51	4
51	52	4
36	53	4
3	54	4
11	55	4
9	56	4
91	57	4
91	58	4
33	59	4
47	60	4
47	61	4
41	62	4
39	63	4
44	64	4
50	65	4
75	66	4
87	67	4
62	68	4
53	69	4
53	70	4
69	71	4
64	72	4
39	73	4
63	74	4
62	75	4
47	76	4
37	77	4
34	78	4
43	79	4
89	80	4
47	81	4
74	82	4
75	83	4
75	84	4
63	85	4
3	86	4
31	87	4
35	88	4
55	89	4
62	90	4
69	91	4
53	92	4
41	93	4
45	94	4
77	95	4
3	96	4
46	97	4
71	98	4
67	99	4
66	100	4
13	0	5
29	1	5
30	2	5
65	3	5
57	4	5
49	5	5
5	6	5
27	7	5
35	8	5
40	9	5
53	10	5
64	11	5
93	12	5
1	13	5
43	14	5
54	15	5
55	16	5
50	17	5
46	18	5
57	19	5
5	20	5
77	21	5
75	22	5
91	23	5
3	24	5
35	25	5
49	26	5
65	27	5
93	28	5
15	29	5
87	30	5
63	31	5
77	32	5
95	33	5
42	34	5
35	35	5
36	36	5
43	37	5
31	38	5
25	39	5
22	40	5
19	41	5
31	42	5
7	43	5
33	44	5
89	45	5
95	46	5
60	47	5
51	48	5
49	49	5
54	50	5
79	51	5
23	52	5
13	53	5
97	54	5
61	55	5
87	56	5
73	57	5
61	58	5
42	59	5
59	60	5
35	61	5
19	62	5
11	63	5
25	64	5
19	65	5
83	66	5
97	67	5
25	68	5
34	69	5
33	70	5
95	71	5
93	72	5
53	73	5
99	74	5
67	75	5
61	76	5
59	77	5
33	78	5
13	79	5
39	80	5
66	81	5
97	82	5
70	83	5
70	84	5
56	85	5
21	86	5
63	87	5
46	88	5
47	89	5
66	90	5
97	91	5
31	92	5
37	93	5
44	94	5
93	95	5
71	96	5
62	97	5
68	98	5
72	99	5
68	100	5
19	0	6
24	1	6
27	2	6
42	3	6
51	4	6
93	5	6
36	6	6
39	7	6
50	8	6
57	9	6
44	10	6
54	11	6
95	12	6
50	13	6
69	14	6
58	15	6
65	16	6
49	17	6
40	18	6
17	19	6
41	20	6
67	21	6
99	22	6
67	23	6
59	24	6
35	25	6
41	26	6
42	27	6
50	28	6
36	29	6
43	30	6
25	31	6
39	32	6
49	33	6
7	34	6
41	35	6
11	36	6
63	37	6
57	38	6
37	39	6
21	40	6
23	41	6
49	42	6
15	43	6
26	44	6
52	45	6
67	46	6
60	47	6
53	48	6
45	49	6
45	50	6
46	51	6
35	52	6
37	53	6
57	54	6
51	55	6
59	56	6
55	57	6
43	58	6
15	59	6
29	60	6
15	61	6
83	62	6
41	63	6
39	64	6
48	65	6
51	66	6
59	67	6
43	68	6
27	69	6
9	70	6
3	71	6
53	72	6
51	73	6
95	74	6
47	75	6
71	76	6
83	77	6
42	78	6
39	79	6
33	80	6
81	81	6
17	82	6
41	83	6
79	84	6
71	85	6
89	86	6
58	87	6
42	88	6
21	89	6
57	90	6
69	91	6
43	92	6
31	93	6
3	94	6
60	95	6
67	96	6
65	97	6
69	98	6
85	99	6
67	100	6
20	0	7
22	1	7
24	2	7
25	3	7
35	4	7
46	5	7
7	6	7
43	7	7
69	8	7
93	9	7
15	10	7
15	11	7
7	12	7
38	13	7
52	14	7
47	15	7
97	16	7
41	17	7
47	18	7
49	19	7
75	20	7
52	21	7
45	22	7
19	23	7
52	24	7
54	25	7
40	26	7
11	27	7
30	28	7
36	29	7
79	30	7
29	31	7
7	32	7
55	33	7
71	34	7
53	35	7
39	36	7
91	37	7
5	38	7
48	39	7
75	40	7
5	41	7
43	42	7
61	43	7
5	44	7
27	45	7
61	46	7
61	47	7
59	48	7
34	49	7
34	50	7
25	51	7
41	52	7
43	53	7
43	54	7
29	55	7
45	56	7
46	57	7
41	58	7
95	59	7
51	60	7
34	61	7
35	62	7
31	63	7
13	64	7
85	65	7
54	66	7
48	67	7
63	68	7
51	69	7
39	70	7
22	71	7
46	72	7
71	73	7
81	74	7
69	75	7
95	76	7
63	77	7
13	78	7
51	79	7
79	80	7
67	81	7
51	82	7
91	83	7
79	84	7
60	85	7
17	86	7
41	87	7
42	88	7
41	89	7
73	90	7
46	91	7
43	92	7
42	93	7
46	94	7
79	95	7
69	96	7
63	97	7
59	98	7
49	99	7
49	100	7
19	0	8
20	1	8
23	2	8
27	3	8
33	4	8
50	5	8
89	6	8
58	7	8
39	8	8
58	9	8
39	10	8
33	11	8
34	12	8
44	13	8
54	14	8
47	15	8
68	16	8
66	17	8
60	18	8
59	19	8
67	20	8
21	21	8
44	22	8
36	23	8
77	24	8
91	25	8
55	26	8
25	27	8
23	28	8
1	29	8
39	30	8
45	31	8
49	32	8
93	33	8
37	34	8
62	35	8
69	36	8
43	37	8
43	38	8
77	39	8
65	40	8
36	41	8
47	42	8
97	43	8
7	44	8
1	45	8
7	46	8
65	47	8
34	48	8
1	49	8
32	50	8
25	51	8
63	52	8
52	53	8
42	54	8
38	55	8
45	56	8
42	57	8
37	58	8
57	59	8
48	60	8
36	61	8
17	62	8
37	63	8
20	64	8
1	65	8
35	66	8
15	67	8
47	68	8
39	69	8
77	70	8
1	71	8
38	72	8
59	73	8
93	74	8
70	75	8
73	76	8
64	77	8
61	78	8
75	79	8
83	80	8
59	81	8
49	82	8
56	83	8
67	84	8
75	85	8
69	86	8
47	87	8
43	88	8
39	89	8
38	90	8
1	91	8
39	92	8
48	93	8
60	94	8
59	95	8
59	96	8
57	97	8
57	98	8
5	99	8
31	100	8
18	0	9
15	1	9
22	2	9
25	3	9
23	4	9
33	5	9
62	6	9
60	7	9
59	8	9
61	9	9
52	10	9
45	11	9
53	12	9
49	13	9
73	14	9
49	15	9
64	16	9
95	17	9
69	18	9
65	19	9
31	20	9
45	21	9
75	22	9
7	23	9
45	24	9
52	25	9
51	26	9
13	27	9
44	28	9
91	29	9
31	30	9
63	31	9
51	32	9
48	33	9
9	34	9
91	35	9
71	36	9
77	37	9
53	38	9
64	39	9
64	40	9
29	41	9
43	42	9
54	43	9
33	44	9
33	45	9
47	46	9
57	47	9
13	48	9
73	49	9
71	50	9
52	51	9
59	52	9
58	53	9
38	54	9
36	55	9
53	56	9
43	57	9
9	58	9
47	59	9
50	60	9
43	61	9
47	62	9
3	63	9
30	64	9
61	65	9
95	66	9
45	67	9
45	68	9
81	69	9
76	70	9
53	71	9
48	72	9
35	73	9
59	74	9
45	75	9
35	76	9
59	77	9
93	78	9
11	79	9
29	80	9
39	81	9
29	82	9
19	83	9
49	84	9
67	85	9
57	86	9
51	87	9
46	88	9
31	89	9
41	90	9
61	91	9
67	92	9
51	93	9
89	94	9
39	95	9
51	96	9
49	97	9
52	98	9
53	99	9
38	100	9
21	0	10
1	1	10
24	2	10
31	3	10
89	4	10
17	5	10
67	6	10
63	7	10
77	8	10
74	9	10
64	10	10
42	11	10
17	12	10
28	13	10
17	14	10
13	15	10
45	16	10
66	17	10
83	18	10
63	19	10
50	20	10
53	21	10
53	22	10
34	23	10
7	24	10
23	25	10
85	26	10
45	27	10
51	28	10
55	29	10
19	30	10
43	31	10
47	32	10
39	33	10
29	34	10
27	35	10
46	36	10
49	37	10
29	38	10
62	39	10
99	40	10
52	41	10
45	42	10
42	43	10
40	44	10
53	45	10
43	46	10
69	47	10
33	48	10
51	49	10
29	50	10
54	51	10
65	52	10
85	53	10
15	54	10
15	55	10
91	56	10
66	57	10
57	58	10
65	59	10
62	60	10
42	61	10
41	62	10
29	63	10
37	64	10
55	65	10
73	66	10
77	67	10
25	68	10
65	69	10
95	70	10
41	71	10
67	72	10
81	73	10
63	74	10
19	75	10
42	76	10
47	77	10
25	78	10
53	79	10
79	80	10
38	81	10
11	82	10
69	83	10
45	84	10
65	85	10
44	86	10
53	87	10
60	88	10
42	89	10
35	90	10
52	91	10
66	92	10
68	93	10
74	94	10
77	95	10
59	96	10
91	97	10
51	98	10
31	99	10
32	100	10
45	0	11
65	1	11
43	2	11
43	3	11
44	4	11
35	5	11
55	6	11
49	7	11
21	8	11
95	9	11
87	10	11
43	11	11
40	12	11
30	13	11
25	14	11
15	15	11
36	16	11
44	17	11
57	18	11
58	19	11
55	20	11
63	21	11
53	22	11
69	23	11
55	24	11
75	25	11
74	26	11
61	27	11
60	28	11
62	29	11
45	30	11
43	31	11
37	32	11
50	33	11
41	34	11
13	35	11
37	36	11
46	37	11
48	38	11
57	39	11
52	40	11
35	41	11
44	42	11
29	43	11
31	44	11
36	45	11
47	46	11
55	47	11
77	48	11
72	49	11
67	50	11
71	51	11
62	52	11
23	53	11
95	54	11
71	55	11
81	56	11
74	57	11
89	58	11
5	59	11
91	60	11
21	61	11
49	62	11
35	63	11
35	64	11
51	65	11
5	66	11
58	67	11
97	68	11
60	69	11
60	70	11
41	71	11
99	72	11
69	73	11
42	74	11
1	75	11
69	76	11
50	77	11
42	78	11
44	79	11
27	80	11
23	81	11
20	82	11
36	83	11
19	84	11
89	85	11
1	86	11
58	87	11
99	88	11
45	89	11
1	90	11
46	91	11
79	92	11
83	93	11
65	94	11
66	95	11
61	96	11
5	97	11
31	98	11
17	99	11
28	100	11
48	0	12
45	1	12
37	2	12
5	3	12
11	4	12
25	5	12
71	6	12
58	7	12
47	8	12
93	9	12
84	10	12
87	11	12
73	12	12
27	13	12
40	14	12
69	15	12
40	16	12
17	17	12
56	18	12
58	19	12
49	20	12
91	21	12
79	22	12
72	23	12
71	24	12
70	25	12
76	26	12
66	27	12
65	28	12
87	29	12
57	30	12
49	31	12
52	32	12
83	33	12
75	34	12
41	35	12
45	36	12
51	37	12
60	38	12
93	39	12
17	40	12
67	41	12
67	42	12
5	43	12
20	44	12
13	45	12
28	46	12
30	47	12
5	48	12
95	49	12
61	50	12
43	51	12
89	52	12
68	53	12
67	54	12
95	55	12
89	56	12
61	57	12
54	58	12
32	59	12
63	60	12
64	61	12
99	62	12
62	63	12
53	64	12
35	65	12
57	66	12
54	67	12
51	68	12
19	69	12
45	70	12
48	71	12
64	72	12
53	73	12
38	74	12
28	75	12
23	76	12
41	77	12
50	78	12
57	79	12
45	80	12
9	81	12
11	82	12
39	83	12
63	84	12
53	85	12
34	86	12
81	87	12
15	88	12
37	89	12
69	90	12
52	91	12
17	92	12
77	93	12
60	94	12
63	95	12
67	96	12
32	97	12
51	98	12
36	99	12
36	100	12
55	0	13
33	1	13
55	2	13
85	3	13
71	4	13
11	5	13
41	6	13
67	7	13
19	8	13
58	9	13
71	10	13
15	11	13
36	12	13
34	13	13
40	14	13
53	15	13
39	16	13
52	17	13
95	18	13
69	19	13
61	20	13
75	21	13
67	22	13
71	23	13
49	24	13
61	25	13
95	26	13
60	27	13
49	28	13
65	29	13
46	30	13
43	31	13
41	32	13
25	33	13
1	34	13
33	35	13
9	36	13
25	37	13
48	38	13
59	39	13
43	40	13
7	41	13
61	42	13
31	43	13
31	44	13
19	45	13
23	46	13
33	47	13
31	48	13
60	49	13
41	50	13
7	51	13
13	52	13
95	53	13
5	54	13
79	55	13
59	56	13
29	57	13
34	58	13
9	59	13
47	60	13
75	61	13
73	62	13
62	63	13
55	64	13
49	65	13
47	66	13
50	67	13
75	68	13
45	69	13
51	70	13
44	71	13
57	72	13
43	73	13
29	74	13
53	75	13
13	76	13
43	77	13
61	78	13
95	79	13
89	80	13
59	81	13
63	82	13
15	83	13
36	84	13
28	85	13
1	86	13
27	87	13
19	88	13
21	89	13
27	90	13
79	91	13
89	92	13
53	93	13
35	94	13
51	95	13
48	96	13
7	97	13
36	98	13
43	99	13
43	100	13
61	0	14
7	1	14
65	2	14
71	3	14
50	4	14
3	5	14
15	6	14
69	7	14
65	8	14
51	9	14
57	10	14
15	11	14
24	12	14
33	13	14
35	14	14
49	15	14
11	16	14
59	17	14
66	18	14
63	19	14
59	20	14
65	21	14
45	22	14
53	23	14
33	24	14
54	25	14
27	26	14
33	27	14
7	28	14
29	29	14
21	30	14
38	31	14
43	32	14
44	33	14
49	34	14
81	35	14
54	36	14
55	37	14
47	38	14
54	39	14
91	40	14
31	41	14
61	42	14
67	43	14
55	44	14
11	45	14
13	46	14
49	47	14
62	48	14
73	49	14
39	50	14
32	51	14
42	52	14
97	53	14
97	54	14
95	55	14
52	56	14
44	57	14
46	58	14
25	59	14
44	60	14
52	61	14
58	62	14
58	63	14
58	64	14
59	65	14
33	66	14
24	67	14
5	68	14
36	69	14
73	70	14
19	71	14
77	72	14
69	73	14
42	74	14
23	75	14
3	76	14
77	77	14
57	78	14
21	79	14
63	80	14
77	81	14
52	82	14
33	83	14
39	84	14
21	85	14
9	86	14
85	87	14
13	88	14
29	89	14
39	90	14
57	91	14
53	92	14
13	93	14
42	94	14
56	95	14
69	96	14
75	97	14
46	98	14
56	99	14
51	100	14
77	0	15
44	1	15
43	2	15
99	3	15
56	4	15
19	5	15
95	6	15
27	7	15
54	8	15
68	9	15
91	10	15
32	11	15
13	12	15
39	13	15
17	14	15
99	15	15
87	16	15
58	17	15
47	18	15
42	19	15
49	20	15
47	21	15
43	22	15
49	23	15
55	24	15
97	25	15
65	26	15
63	27	15
5	28	15
24	29	15
53	30	15
44	31	15
51	32	15
58	33	15
69	34	15
76	35	15
72	36	15
95	37	15
33	38	15
19	39	15
48	40	15
42	41	15
53	42	15
59	43	15
56	44	15
38	45	15
32	46	15
37	47	15
95	48	15
65	49	15
54	50	15
41	51	15
27	52	15
63	53	15
62	54	15
29	55	15
13	56	15
51	57	15
79	58	15
3	59	15
53	60	15
31	61	15
49	62	15
53	63	15
61	64	15
63	65	15
43	66	15
11	67	15
20	68	15
23	69	15
51	70	15
47	71	15
54	72	15
27	73	15
48	74	15
67	75	15
87	76	15
78	77	15
71	78	15
85	79	15
67	80	15
59	81	15
38	82	15
39	83	15
43	84	15
11	85	15
20	86	15
59	87	15
55	88	15
42	89	15
45	90	15
57	91	15
15	92	15
38	93	15
65	94	15
65	95	15
59	96	15
49	97	15
17	98	15
83	99	15
56	100	15
58	0	16
51	1	16
47	2	16
71	3	16
58	4	16
27	5	16
47	6	16
44	7	16
55	8	16
79	9	16
54	10	16
9	11	16
41	12	16
93	13	16
45	14	16
25	15	16
63	16	16
42	17	16
32	18	16
9	19	16
63	20	16
57	21	16
55	22	16
45	23	16
43	24	16
7	25	16
77	26	16
63	27	16
61	28	16
9	29	16
7	30	16
35	31	16
57	32	16
70	33	16
95	34	16
83	35	16
63	36	16
61	37	16
39	38	16
34	39	16
39	40	16
38	41	16
52	42	16
60	43	16
71	44	16
55	45	16
42	46	16
21	47	16
61	48	16
68	49	16
74	50	16
77	51	16
83	52	16
66	53	16
59	54	16
46	55	16
95	56	16
70	57	16
66	58	16
51	59	16
69	60	16
83	61	16
56	62	16
45	63	16
71	64	16
55	65	16
23	66	16
19	67	16
41	68	16
85	69	16
61	70	16
67	71	16
64	72	16
62	73	16
58	74	16
63	75	16
95	76	16
79	77	16
64	78	16
59	79	16
62	80	16
55	81	16
1	82	16
21	83	16
38	84	16
27	85	16
3	86	16
77	87	16
51	88	16
40	89	16
43	90	16
52	91	16
67	92	16
59	93	16
69	94	16
81	95	16
61	96	16
47	97	16
5	98	16
15	99	16
33	100	16
47	0	17
52	1	17
23	2	17
77	3	17
79	4	17
89	5	17
58	6	17
48	7	17
45	8	17
57	9	17
37	10	17
32	11	17
51	12	17
55	13	17
46	14	17
44	15	17
81	16	17
17	17	17
29	18	17
33	19	17
49	20	17
45	21	17
3	22	17
35	23	17
97	24	17
62	25	17
99	26	17
56	27	17
56	28	17
63	29	17
1	30	17
32	31	17
73	32	17
71	33	17
25	34	17
25	35	17
47	36	17
50	37	17
41	38	17
39	39	17
36	40	17
21	41	17
55	42	17
59	43	17
25	44	17
71	45	17
58	46	17
57	47	17
62	48	17
71	49	17
99	50	17
79	51	17
71	52	17
61	53	17
63	54	17
1	55	17
77	56	17
68	57	17
64	58	17
67	59	17
89	60	17
69	61	17
47	62	17
1	63	17
55	64	17
89	65	17
41	66	17
26	67	17
43	68	17
65	69	17
69	70	17
57	71	17
75	72	17
99	73	17
60	74	17
31	75	17
33	76	17
50	77	17
47	78	17
25	79	17
67	80	17
87	81	17
35	82	17
63	83	17
63	84	17
57	85	17
63	86	17
9	87	17
33	88	17
23	89	17
35	90	17
43	91	17
54	92	17
63	93	17
73	94	17
64	95	17
73	96	17
11	97	17
3	98	17
35	99	17
29	100	17
29	0	18
87	1	18
81	2	18
58	3	18
9	4	18
41	5	18
50	6	18
45	7	18
19	8	18
31	9	18
38	10	18
33	11	18
77	12	18
57	13	18
41	14	18
23	15	18
3	16	18
16	17	18
37	18	18
44	19	18
56	20	18
33	21	18
29	22	18
33	23	18
11	24	18
47	25	18
51	26	18
9	27	18
44	28	18
55	29	18
35	30	18
21	31	18
53	32	18
65	33	18
95	34	18
57	35	18
51	36	18
52	37	18
53	38	18
45	39	18
45	40	18
51	41	18
89	42	18
62	43	18
55	44	18
15	45	18
65	46	18
89	47	18
59	48	18
71	49	18
79	50	18
70	51	18
60	52	18
44	53	18
9	54	18
23	55	18
46	56	18
60	57	18
56	58	18
63	59	18
68	60	18
59	61	18
45	62	18
33	63	18
73	64	18
47	65	18
27	66	18
3	67	18
40	68	18
61	69	18
95	70	18
69	71	18
31	72	18
15	73	18
53	74	18
47	75	18
43	76	18
42	77	18
51	78	18
42	79	18
46	80	18
23	81	18
49	82	18
55	83	18
31	84	18
69	85	18
47	86	18
35	87	18
50	88	18
99	89	18
33	90	18
31	91	18
45	92	18
67	93	18
93	94	18
29	95	18
36	96	18
21	97	18
12	98	18
7	99	18
18	100	18
23	0	19
49	1	19
58	2	19
67	3	19
75	4	19
56	5	19
57	6	19
63	7	19
52	8	19
57	9	19
51	10	19
58	11	19
62	12	19
54	13	19
40	14	19
5	15	19
10	16	19
7	17	19
1	18	19
50	19	19
99	20	19
58	21	19
47	22	19
57	23	19
93	24	19
63	25	19
51	26	19
41	27	19
55	28	19
81	29	19
62	30	19
56	31	19
55	32	19
43	33	19
73	34	19
57	35	19
49	36	19
54	37	19
51	38	19
45	39	19
49	40	19
48	41	19
41	42	19
47	43	19
48	44	19
42	45	19
54	46	19
53	47	19
67	48	19
87	49	19
76	50	19
63	51	19
55	52	19
47	53	19
36	54	19
39	55	19
23	56	19
71	57	19
39	58	19
61	59	19
63	60	19
89	61	19
43	62	19
13	63	19
35	64	19
39	65	19
19	66	19
79	67	19
54	68	19
47	69	19
13	70	19
93	71	19
21	72	19
35	73	19
91	74	19
39	75	19
15	76	19
27	77	19
45	78	19
46	79	19
55	80	19
39	81	19
43	82	19
52	83	19
56	84	19
53	85	19
36	86	19
33	87	19
35	88	19
60	89	19
48	90	19
55	91	19
77	92	19
69	93	19
81	94	19
23	95	19
22	96	19
27	97	19
18	98	19
17	99	19
21	100	19
31	0	20
29	1	20
35	2	20
77	3	20
65	4	20
54	5	20
54	6	20
99	7	20
68	8	20
97	9	20
51	10	20
87	11	20
59	12	20
58	13	20
60	14	20
95	15	20
28	16	20
1	17	20
51	18	20
57	19	20
66	20	20
55	21	20
43	22	20
57	23	20
81	24	20
60	25	20
51	26	20
51	27	20
56	28	20
65	29	20
78	30	20
87	31	20
69	32	20
31	33	20
11	34	20
50	35	20
33	36	20
65	37	20
54	38	20
37	39	20
59	40	20
52	41	20
57	42	20
37	43	20
49	44	20
52	45	20
58	46	20
81	47	20
69	48	20
73	49	20
77	50	20
51	51	20
54	52	20
54	53	20
50	54	20
75	55	20
55	56	20
61	57	20
69	58	20
81	59	20
68	60	20
56	61	20
25	62	20
28	63	20
39	64	20
55	65	20
45	66	20
55	67	20
51	68	20
52	69	20
61	70	20
60	71	20
41	72	20
13	73	20
36	74	20
5	75	20
27	76	20
5	77	20
57	78	20
43	79	20
40	80	20
35	81	20
43	82	20
53	83	20
91	84	20
50	85	20
11	86	20
29	87	20
87	88	20
59	89	20
44	90	20
64	91	20
69	92	20
64	93	20
29	94	20
67	95	20
5	96	20
19	97	20
17	98	20
23	99	20
27	100	20
53	0	21
43	1	21
41	2	21
62	3	21
54	4	21
40	5	21
9	6	21
42	7	21
25	8	21
60	9	21
62	10	21
53	11	21
65	12	21
59	13	21
49	14	21
50	15	21
7	16	21
31	17	21
58	18	21
60	19	21
53	20	21
89	21	21
62	22	21
47	23	21
53	24	21
46	25	21
40	26	21
63	27	21
52	28	21
47	29	21
99	30	21
79	31	21
7	32	21
26	33	21
41	34	21
99	35	21
49	36	21
54	37	21
63	38	21
61	39	21
97	40	21
46	41	21
3	42	21
49	43	21
59	44	21
59	45	21
45	46	21
75	47	21
56	48	21
61	49	21
59	50	21
69	51	21
55	52	21
65	53	21
37	54	21
71	55	21
63	56	21
49	57	21
97	58	21
79	59	21
72	60	21
43	61	21
32	62	21
36	63	21
39	64	21
97	65	21
52	66	21
47	67	21
43	68	21
49	69	21
33	70	21
48	71	21
42	72	21
35	73	21
35	74	21
50	75	21
85	76	21
91	77	21
87	78	21
29	79	21
28	80	21
30	81	21
40	82	21
27	83	21
87	84	21
46	85	21
34	86	21
35	87	21
29	88	21
45	89	21
7	90	21
89	91	21
53	92	21
89	93	21
55	94	21
60	95	21
69	96	21
25	97	21
9	98	21
33	99	21
37	100	21
87	0	22
49	1	22
23	2	22
79	3	22
48	4	22
43	5	22
40	6	22
36	7	22
35	8	22
56	9	22
85	10	22
1	11	22
61	12	22
67	13	22
69	14	22
51	15	22
41	16	22
57	17	22
91	18	22
74	19	22
66	20	22
65	21	22
69	22	22
50	23	22
40	24	22
30	25	22
3	26	22
83	27	22
43	28	22
40	29	22
35	30	22
59	31	22
81	32	22
25	33	22
39	34	22
43	35	22
11	36	22
39	37	22
49	38	22
48	39	22
33	40	22
32	41	22
11	42	22
36	43	22
51	44	22
62	45	22
60	46	22
85	47	22
19	48	22
57	49	22
51	50	22
19	51	22
35	52	22
1	53	22
71	54	22
67	55	22
77	56	22
41	57	22
37	58	22
66	59	22
99	60	22
13	61	22
23	62	22
45	63	22
97	64	22
68	65	22
19	66	22
37	67	22
25	68	22
11	69	22
39	70	22
57	71	22
45	72	22
50	73	22
75	74	22
77	75	22
84	76	22
91	77	22
97	78	22
35	79	22
15	80	22
17	81	22
63	82	22
53	83	22
59	84	22
15	85	22
46	86	22
49	87	22
53	88	22
85	89	22
81	90	22
56	91	22
17	92	22
42	93	22
43	94	22
49	95	22
9	96	22
47	97	22
99	98	22
62	99	22
53	100	22
59	0	23
43	1	23
33	2	23
38	3	23
17	4	23
44	5	23
73	6	23
27	7	23
25	8	23
44	9	23
37	10	23
23	11	23
43	12	23
1	13	23
63	14	23
45	15	23
49	16	23
67	17	23
78	18	23
81	19	23
71	20	23
39	21	23
45	22	23
43	23	23
29	24	23
32	25	23
39	26	23
19	27	23
21	28	23
37	29	23
36	30	23
43	31	23
73	32	23
37	33	23
49	34	23
23	35	23
57	36	23
43	37	23
46	38	23
48	39	23
50	40	23
41	41	23
31	42	23
32	43	23
50	44	23
77	45	23
49	46	23
50	47	23
20	48	23
1	49	23
71	50	23
19	51	23
67	52	23
17	53	23
61	54	23
52	55	23
9	56	23
19	57	23
50	58	23
49	59	23
62	60	23
32	61	23
5	62	23
71	63	23
71	64	23
62	65	23
52	66	23
59	67	23
47	68	23
39	69	23
25	70	23
37	71	23
21	72	23
47	73	23
39	74	23
99	75	23
85	76	23
95	77	23
91	78	23
48	79	23
41	80	23
23	81	23
51	82	23
63	83	23
83	84	23
75	85	23
85	86	23
64	87	23
75	88	23
72	89	23
62	90	23
37	91	23
27	92	23
19	93	23
25	94	23
87	95	23
51	96	23
55	97	23
69	98	23
63	99	23
59	100	23
47	0	24
32	1	24
29	2	24
23	3	24
29	4	24
44	5	24
59	6	24
55	7	24
77	8	24
61	9	24
41	10	24
13	11	24
18	12	24
11	13	24
7	14	24
17	15	24
97	16	24
85	17	24
73	18	24
77	19	24
99	20	24
73	21	24
31	22	24
49	23	24
25	24	24
32	25	24
28	26	24
1	27	24
7	28	24
51	29	24
32	30	24
3	31	24
81	32	24
40	33	24
5	34	24
21	35	24
59	36	24
33	37	24
43	38	24
50	39	24
77	40	24
51	41	24
39	42	24
13	43	24
40	44	24
46	45	24
9	46	24
49	47	24
11	48	24
14	49	24
28	50	24
7	51	24
38	52	24
40	53	24
52	54	24
73	55	24
53	56	24
60	57	24
97	58	24
62	59	24
67	60	24
49	61	24
32	62	24
25	63	24
61	64	24
57	65	24
69	66	24
99	67	24
65	68	24
53	69	24
57	70	24
45	71	24
47	72	24
81	73	24
19	74	24
50	75	24
39	76	24
17	77	24
7	78	24
25	79	24
79	80	24
56	81	24
58	82	24
64	83	24
61	84	24
99	85	24
9	86	24
49	87	24
68	88	24
66	89	24
57	90	24
45	91	24
35	92	24
55	93	24
44	94	24
60	95	24
54	96	24
53	97	24
59	98	24
62	99	24
63	100	24
67	0	25
9	1	25
29	2	25
25	3	25
35	4	25
44	5	25
65	6	25
59	7	25
58	8	25
15	9	25
54	10	25
71	11	25
7	12	25
19	13	25
36	14	25
89	15	25
5	16	25
36	17	25
53	18	25
55	19	25
47	20	25
69	21	25
35	22	25
52	23	25
53	24	25
44	25	25
41	26	25
36	27	25
33	28	25
46	29	25
37	30	25
41	31	25
47	32	25
40	33	25
57	34	25
35	35	25
39	36	25
32	37	25
35	38	25
35	39	25
66	40	25
97	41	25
62	42	25
44	43	25
53	44	25
61	45	25
37	46	25
39	47	25
28	48	25
17	49	25
20	50	25
20	51	25
39	52	25
52	53	25
37	54	25
97	55	25
73	56	25
73	57	25
68	58	25
37	59	25
97	60	25
64	61	25
50	62	25
59	63	25
91	64	25
69	65	25
67	66	25
75	67	25
63	68	25
50	69	25
48	70	25
41	71	25
41	72	25
29	73	25
36	74	25
45	75	25
5	76	25
29	77	25
41	78	25
91	79	25
75	80	25
65	81	25
60	82	25
75	83	25
63	84	25
57	85	25
53	86	25
55	87	25
85	88	25
65	89	25
58	90	25
53	91	25
48	92	25
37	93	25
37	94	25
55	95	25
52	96	25
53	97	25
57	98	25
65	99	25
67	100	25
52	0	26
38	1	26
37	2	26
7	3	26
41	4	26
33	5	26
59	6	26
59	7	26
83	8	26
57	9	26
91	10	26
87	11	26
5	12	26
21	13	26
30	14	26
31	15	26
15	16	26
3	17	26
47	18	26
63	19	26
67	20	26
64	21	26
99	22	26
74	23	26
61	24	26
51	25	26
55	26	26
69	27	26
91	28	26
63	29	26
31	30	26
1	31	26
29	32	26
17	33	26
43	34	26
23	35	26
17	36	26
23	37	26
31	38	26
39	39	26
56	40	26
72	41	26
69	42	26
49	43	26
40	44	26
9	45	26
29	46	26
42	47	26
47	48	26
5	49	26
17	50	26
15	51	26
47	52	26
93	53	26
71	54	26
89	55	26
64	56	26
93	57	26
65	58	26
57	59	26
85	60	26
62	61	26
47	62	26
54	63	26
55	64	26
61	65	26
57	66	26
72	67	26
60	68	26
39	69	26
45	70	26
5	71	26
49	72	26
65	73	26
51	74	26
91	75	26
87	76	26
53	77	26
39	78	26
33	79	26
53	80	26
35	81	26
42	82	26
46	83	26
43	84	26
15	85	26
93	86	26
35	87	26
85	88	26
53	89	26
55	90	26
60	91	26
67	92	26
9	93	26
39	94	26
56	95	26
47	96	26
51	97	26
43	98	26
77	99	26
72	100	26
51	0	27
55	1	27
75	2	27
59	3	27
91	4	27
11	5	27
79	6	27
56	7	27
45	8	27
41	9	27
1	10	27
51	11	27
30	12	27
30	13	27
34	14	27
49	15	27
23	16	27
33	17	27
71	18	27
39	19	27
97	20	27
21	21	27
3	22	27
83	23	27
69	24	27
89	25	27
60	26	27
62	27	27
71	28	27
85	29	27
67	30	27
47	31	27
57	32	27
9	33	27
81	34	27
53	35	27
25	36	27
13	37	27
27	38	27
35	39	27
49	40	27
65	41	27
93	42	27
43	43	27
51	44	27
24	45	27
29	46	27
55	47	27
65	48	27
95	49	27
48	50	27
34	51	27
41	52	27
62	53	27
66	54	27
54	55	27
1	56	27
54	57	27
39	58	27
1	59	27
58	60	27
52	61	27
21	62	27
57	63	27
53	64	27
65	65	27
69	66	27
97	67	27
65	68	27
45	69	27
89	70	27
9	71	27
87	72	27
39	73	27
3	74	27
66	75	27
75	76	27
59	77	27
31	78	27
54	79	27
71	80	27
3	81	27
28	82	27
25	83	27
48	84	27
53	85	27
67	86	27
53	87	27
29	88	27
51	89	27
51	90	27
67	91	27
69	92	27
93	93	27
57	94	27
83	95	27
29	96	27
54	97	27
69	98	27
85	99	27
72	100	27
23	0	28
56	1	28
54	2	28
65	3	28
62	4	28
44	5	28
49	6	28
43	7	28
1	8	28
33	9	28
25	10	28
37	11	28
35	12	28
35	13	28
29	14	28
39	15	28
33	16	28
37	17	28
48	18	28
49	19	28
9	20	28
41	21	28
67	22	28
99	23	28
93	24	28
21	25	28
35	26	28
47	27	28
47	28	28
19	29	28
50	30	28
64	31	28
89	32	28
56	33	28
57	34	28
42	35	28
19	36	28
27	37	28
31	38	28
28	39	28
39	40	28
47	41	28
51	42	28
95	43	28
49	44	28
9	45	28
7	46	28
85	47	28
63	48	28
93	49	28
47	50	28
33	51	28
21	52	28
50	53	28
75	54	28
63	55	28
49	56	28
85	57	28
64	58	28
85	59	28
97	60	28
67	61	28
69	62	28
58	63	28
36	64	28
9	65	28
58	66	28
70	67	28
61	68	28
51	69	28
49	70	28
85	71	28
77	72	28
3	73	28
79	74	28
97	75	28
89	76	28
64	77	28
60	78	28
83	79	28
13	80	28
49	81	28
42	82	28
48	83	28
71	84	28
83	85	28
70	86	28
69	87	28
51	88	28
63	89	28
97	90	28
58	91	28
50	92	28
33	93	28
13	94	28
9	95	28
43	96	28
69	97	28
60	98	28
39	99	28
60	100	28
60	0	29
93	1	29
23	2	29
37	3	29
49	4	29
54	5	29
31	6	29
17	7	29
15	8	29
23	9	29
30	10	29
37	11	29
40	12	29
46	13	29
71	14	29
47	15	29
35	16	29
34	17	29
36	18	29
33	19	29
39	20	29
38	21	29
43	22	29
17	23	29
54	24	29
29	25	29
38	26	29
46	27	29
52	28	29
69	29	29
53	30	29
69	31	29
93	32	29
71	33	29
50	34	29
39	35	29
25	36	29
45	37	29
41	38	29
9	39	29
32	40	29
34	41	29
56	42	29
91	43	29
51	44	29
17	45	29
99	46	29
76	47	29
61	48	29
65	49	29
79	50	29
55	51	29
38	52	29
45	53	29
99	54	29
75	55	29
49	56	29
57	57	29
49	58	29
29	59	29
55	60	29
52	61	29
27	62	29
71	63	29
25	64	29
36	65	29
87	66	29
64	67	29
61	68	29
51	69	29
54	70	29
62	71	29
51	72	29
1	73	29
42	74	29
49	75	29
53	76	29
48	77	29
62	78	29
63	79	29
15	80	29
35	81	29
45	82	29
53	83	29
89	84	29
67	85	29
61	86	29
54	87	29
45	88	29
55	89	29
71	90	29
19	91	29
41	92	29
7	93	29
53	94	29
30	95	29
25	96	29
57	97	29
65	98	29
79	99	29
68	100	29
66	0	30
75	1	30
50	2	30
11	3	30
43	4	30
95	5	30
3	6	30
57	7	30
22	8	30
13	9	30
36	10	30
40	11	30
40	12	30
40	13	30
40	14	30
34	15	30
26	16	30
27	17	30
29	18	30
27	19	30
11	20	30
30	21	30
13	22	30
9	23	30
79	24	30
3	25	30
43	26	30
45	27	30
47	28	30
69	29	30
66	30	30
69	31	30
78	32	30
87	33	30
33	34	30
39	35	30
43	36	30
50	37	30
81	38	30
93	39	30
45	40	30
3	41	30
49	42	30
97	43	30
68	44	30
48	45	30
79	46	30
59	47	30
40	48	30
15	49	30
36	50	30
23	51	30
31	52	30
41	53	30
59	54	30
91	55	30
54	56	30
46	57	30
48	58	30
42	59	30
51	60	30
59	61	30
44	62	30
52	63	30
38	64	30
23	65	30
9	66	30
38	67	30
7	68	30
39	69	30
53	70	30
59	71	30
47	72	30
33	73	30
41	74	30
7	75	30
23	76	30
15	77	30
77	78	30
58	79	30
40	80	30
33	81	30
51	82	30
31	83	30
7	84	30
37	85	30
44	86	30
43	87	30
19	88	30
41	89	30
46	90	30
69	91	30
49	92	30
41	93	30
41	94	30
35	95	30
93	96	30
61	97	30
45	98	30
67	99	30
67	100	30
64	0	31
70	1	31
93	2	31
38	3	31
43	4	31
25	5	31
3	6	31
33	7	31
5	8	31
31	9	31
63	10	31
47	11	31
41	12	31
36	13	31
15	14	31
24	15	31
7	16	31
20	17	31
26	18	31
15	19	31
1	20	31
61	21	31
33	22	31
45	23	31
97	24	31
47	25	31
49	26	31
47	27	31
67	28	31
97	29	31
73	30	31
63	31	31
63	32	31
50	33	31
39	34	31
97	35	31
58	36	31
33	37	31
67	38	31
81	39	31
52	40	31
32	41	31
43	42	31
58	43	31
77	44	31
29	45	31
27	46	31
41	47	31
25	48	31
31	49	31
27	50	31
15	51	31
25	52	31
29	53	31
7	54	31
3	55	31
31	56	31
27	57	31
53	58	31
43	59	31
47	60	31
51	61	31
39	62	31
55	63	31
52	64	31
43	65	31
44	66	31
73	67	31
40	68	31
45	69	31
61	70	31
53	71	31
46	72	31
46	73	31
81	74	31
50	75	31
19	76	31
75	77	31
75	78	31
52	79	31
53	80	31
9	81	31
53	82	31
15	83	31
69	84	31
45	85	31
37	86	31
56	87	31
47	88	31
37	89	31
5	90	31
21	91	31
48	92	31
83	93	31
77	94	31
56	95	31
97	96	31
52	97	31
11	98	31
77	99	31
66	100	31
55	0	32
48	1	32
21	2	32
7	3	32
69	4	32
53	5	32
55	6	32
69	7	32
43	8	32
44	9	32
83	10	32
58	11	32
53	12	32
47	13	32
31	14	32
41	15	32
18	16	32
23	17	32
39	18	32
47	19	32
24	20	32
44	21	32
39	22	32
44	23	32
54	24	32
39	25	32
61	26	32
27	27	32
79	28	32
71	29	32
67	30	32
85	31	32
63	32	32
11	33	32
15	34	32
60	35	32
60	36	32
45	37	32
45	38	32
15	39	32
49	40	32
33	41	32
31	42	32
17	43	32
52	44	32
89	45	32
83	46	32
55	47	32
42	48	32
35	49	32
39	50	32
73	51	32
51	52	32
39	53	32
15	54	32
22	55	32
41	56	32
69	57	32
95	58	32
29	59	32
43	60	32
59	61	32
89	62	32
77	63	32
75	64	32
53	65	32
51	66	32
52	67	32
37	68	32
42	69	32
47	70	32
46	71	32
39	72	32
23	73	32
53	74	32
93	75	32
43	76	32
68	77	32
99	78	32
23	79	32
39	80	32
43	81	32
75	82	32
97	83	32
31	84	32
40	85	32
58	86	32
99	87	32
75	88	32
57	89	32
57	90	32
44	91	32
40	92	32
15	93	32
23	94	32
17	95	32
49	96	32
39	97	32
43	98	32
55	99	32
56	100	32
53	0	33
47	1	33
23	2	33
19	3	33
75	4	33
71	5	33
95	6	33
71	7	33
53	8	33
21	9	33
43	10	33
51	11	33
69	12	33
67	13	33
73	14	33
91	15	33
1	16	33
27	17	33
45	18	33
81	19	33
7	20	33
53	21	33
37	22	33
37	23	33
38	24	33
35	25	33
42	26	33
37	27	33
47	28	33
35	29	33
41	30	33
29	31	33
47	32	33
45	33	33
87	34	33
68	35	33
77	36	33
55	37	33
38	38	33
17	39	33
99	40	33
19	41	33
31	42	33
28	43	33
25	44	33
56	45	33
52	46	33
53	47	33
53	48	33
31	49	33
45	50	33
58	51	33
69	52	33
61	53	33
38	54	33
31	55	33
51	56	33
85	57	33
45	58	33
87	59	33
39	60	33
54	61	33
71	62	33
75	63	33
7	64	33
43	65	33
55	66	33
47	67	33
41	68	33
39	69	33
41	70	33
45	71	33
41	72	33
29	73	33
45	74	33
67	75	33
65	76	33
55	77	33
77	78	33
63	79	33
39	80	33
48	81	33
56	82	33
53	83	33
19	84	33
27	85	33
59	86	33
91	87	33
99	88	33
59	89	33
46	90	33
58	91	33
55	92	33
53	93	33
77	94	33
67	95	33
44	96	33
13	97	33
67	98	33
47	99	33
45	100	33
57	0	34
65	1	34
93	2	34
69	3	34
17	4	34
64	5	34
73	6	34
41	7	34
79	8	34
57	9	34
17	10	34
33	11	34
50	12	34
81	13	34
47	14	34
43	15	34
11	16	34
41	17	34
55	18	34
79	19	34
83	20	34
3	21	34
19	22	34
29	23	34
26	24	34
21	25	34
35	26	34
35	27	34
38	28	34
15	29	34
36	30	34
51	31	34
52	32	34
53	33	34
47	34	34
49	35	34
60	36	34
51	37	34
35	38	34
31	39	34
11	40	34
29	41	34
45	42	34
41	43	34
87	44	34
57	45	34
19	46	34
52	47	34
87	48	34
33	49	34
55	50	34
45	51	34
57	52	34
87	53	34
46	54	34
13	55	34
46	56	34
71	57	34
61	58	34
95	59	34
35	60	34
49	61	34
59	62	34
63	63	34
49	64	34
65	65	34
81	66	34
41	67	34
40	68	34
33	69	34
33	70	34
41	71	34
51	72	34
7	73	34
34	74	34
65	75	34
91	76	34
73	77	34
93	78	34
58	79	34
53	80	34
56	81	34
47	82	34
42	83	34
59	84	34
95	85	34
63	86	34
1	87	34
43	88	34
33	89	34
13	90	34
89	91	34
67	92	34
64	93	34
58	94	34
44	95	34
48	96	34
46	97	34
25	98	34
21	99	34
34	100	34
52	0	35
65	1	35
77	2	35
53	3	35
93	4	35
95	5	35
93	6	35
50	7	35
19	8	35
33	9	35
21	10	35
17	11	35
19	12	35
59	13	35
93	14	35
29	15	35
39	16	35
73	17	35
46	18	35
21	19	35
71	20	35
28	21	35
9	22	35
33	23	35
19	24	35
40	25	35
79	26	35
57	27	35
56	28	35
37	29	35
38	30	35
43	31	35
57	32	35
71	33	35
71	34	35
23	35	35
63	36	35
95	37	35
23	38	35
63	39	35
1	40	35
43	41	35
81	42	35
99	43	35
83	44	35
69	45	35
37	46	35
50	47	35
61	48	35
83	49	35
60	50	35
48	51	35
43	52	35
3	53	35
49	54	35
36	55	35
51	56	35
93	57	35
33	58	35
63	59	35
58	60	35
49	61	35
55	62	35
81	63	35
61	64	35
61	65	35
62	66	35
50	67	35
48	68	35
69	69	35
17	70	35
37	71	35
42	72	35
28	73	35
19	74	35
27	75	35
57	76	35
55	77	35
65	78	35
23	79	35
59	80	35
75	81	35
35	82	35
11	83	35
39	84	35
82	85	35
99	86	35
53	87	35
40	88	35
29	89	35
55	90	35
64	91	35
61	92	35
81	93	35
47	94	35
5	95	35
59	96	35
99	97	35
52	98	35
33	99	35
36	100	35
35	0	36
65	1	36
99	2	36
91	3	36
65	4	36
61	5	36
62	6	36
49	7	36
34	8	36
21	9	36
26	10	36
21	11	36
5	12	36
46	13	36
61	14	36
44	15	36
45	16	36
50	17	36
37	18	36
13	19	36
35	20	36
29	21	36
25	22	36
75	23	36
43	24	36
43	25	36
75	26	36
61	27	36
93	28	36
65	29	36
39	30	36
32	31	36
7	32	36
55	33	36
87	34	36
51	35	36
75	36	36
72	37	36
45	38	36
56	39	36
77	40	36
97	41	36
78	42	36
71	43	36
79	44	36
97	45	36
13	46	36
51	47	36
19	48	36
53	49	36
53	50	36
46	51	36
38	52	36
26	53	36
35	54	36
33	55	36
30	56	36
23	57	36
42	58	36
67	59	36
85	60	36
35	61	36
9	62	36
50	63	36
55	64	36
56	65	36
56	66	36
49	67	36
34	68	36
3	69	36
65	70	36
52	71	36
53	72	36
43	73	36
46	74	36
81	75	36
57	76	36
25	77	36
91	78	36
17	79	36
85	80	36
68	81	36
49	82	36
42	83	36
69	84	36
95	85	36
41	86	36
41	87	36
35	88	36
39	89	36
38	90	36
51	91	36
67	92	36
58	93	36
45	94	36
40	95	36
87	96	36
61	97	36
51	98	36
44	99	36
42	100	36
42	0	37
63	1	37
59	2	37
58	3	37
41	4	37
49	5	37
45	6	37
50	7	37
48	8	37
46	9	37
40	10	37
39	11	37
43	12	37
59	13	37
50	14	37
44	15	37
45	16	37
46	17	37
41	18	37
32	19	37
27	20	37
31	21	37
49	22	37
63	23	37
38	24	37
13	25	37
37	26	37
19	27	37
71	28	37
93	29	37
93	30	37
39	31	37
7	32	37
48	33	37
53	34	37
21	35	37
95	36	37
74	37	37
45	38	37
41	39	37
49	40	37
49	41	37
65	42	37
27	43	37
67	44	37
56	45	37
45	46	37
53	47	37
54	48	37
59	49	37
55	50	37
45	51	37
36	52	37
31	53	37
33	54	37
30	55	37
13	56	37
38	57	37
47	58	37
27	59	37
79	60	37
45	61	37
40	62	37
56	63	37
53	64	37
51	65	37
58	66	37
58	67	37
35	68	37
41	69	37
52	70	37
53	71	37
77	72	37
46	73	37
43	74	37
55	75	37
65	76	37
21	77	37
95	78	37
69	79	37
95	80	37
64	81	37
23	82	37
39	83	37
50	84	37
29	85	37
44	86	37
38	87	37
19	88	37
55	89	37
7	90	37
34	91	37
36	92	37
41	93	37
35	94	37
23	95	37
29	96	37
7	97	37
49	98	37
51	99	37
48	100	37
29	0	38
38	1	38
19	2	38
42	3	38
67	4	38
52	5	38
87	6	38
60	7	38
62	8	38
77	9	38
49	10	38
53	11	38
69	12	38
27	13	38
37	14	38
39	15	38
44	16	38
47	17	38
49	18	38
49	19	38
11	20	38
36	21	38
61	22	38
33	23	38
33	24	38
33	25	38
44	26	38
59	27	38
49	28	38
13	29	38
50	30	38
52	31	38
73	32	38
79	33	38
58	34	38
63	35	38
76	36	38
87	37	38
71	38	38
60	39	38
41	40	38
99	41	38
81	42	38
41	43	38
38	44	38
15	45	38
61	46	38
63	47	38
85	48	38
73	49	38
57	50	38
42	51	38
31	52	38
37	53	38
41	54	38
43	55	38
77	56	38
70	57	38
83	58	38
33	59	38
5	60	38
27	61	38
50	62	38
81	63	38
51	64	38
56	65	38
66	66	38
89	67	38
9	68	38
75	69	38
49	70	38
15	71	38
9	72	38
20	73	38
26	74	38
11	75	38
35	76	38
19	77	38
70	78	38
71	79	38
71	80	38
71	81	38
73	82	38
73	83	38
66	84	38
77	85	38
71	86	38
49	87	38
75	88	38
75	89	38
79	90	38
44	91	38
3	92	38
37	93	38
31	94	38
13	95	38
55	96	38
59	97	38
89	98	38
62	99	38
53	100	38
97	0	39
44	1	39
19	2	39
24	3	39
25	4	39
5	5	39
39	6	39
42	7	39
62	8	39
63	9	39
65	10	39
57	11	39
65	12	39
47	13	39
32	14	39
37	15	39
45	16	39
51	17	39
58	18	39
73	19	39
45	20	39
42	21	39
44	22	39
32	23	39
30	24	39
36	25	39
48	26	39
71	27	39
53	28	39
42	29	39
42	30	39
49	31	39
29	32	39
9	33	39
39	34	39
99	35	39
61	36	39
63	37	39
69	38	39
87	39	39
69	40	39
69	41	39
83	42	39
47	43	39
32	44	39
21	45	39
53	46	39
55	47	39
68	48	39
93	49	39
59	50	39
36	51	39
11	52	39
45	53	39
51	54	39
57	55	39
76	56	39
85	57	39
69	58	39
19	59	39
33	60	39
67	61	39
54	62	39
51	63	39
52	64	39
57	65	39
62	66	39
62	67	39
44	68	39
63	69	39
57	70	39
91	71	39
1	72	39
1	73	39
29	74	39
35	75	39
46	76	39
31	77	39
97	78	39
74	79	39
71	80	39
77	81	39
97	82	39
59	83	39
64	84	39
71	85	39
93	86	39
13	87	39
11	88	39
42	89	39
41	90	39
63	91	39
52	92	39
49	93	39
40	94	39
32	95	39
21	96	39
87	97	39
67	98	39
56	99	39
51	100	39
93	0	40
23	1	40
47	2	40
11	3	40
5	4	40
27	5	40
83	6	40
9	7	40
81	8	40
49	9	40
91	10	40
61	11	40
87	12	40
39	13	40
9	14	40
35	15	40
49	16	40
54	17	40
61	18	40
58	19	40
54	20	40
43	21	40
41	22	40
21	23	40
21	24	40
32	25	40
41	26	40
51	27	40
54	28	40
63	29	40
27	30	40
73	31	40
85	32	40
56	33	40
81	34	40
63	35	40
9	36	40
85	37	40
73	38	40
71	39	40
79	40	40
83	41	40
31	42	40
32	43	40
21	44	40
15	45	40
75	46	40
9	47	40
39	48	40
59	49	40
47	50	40
33	51	40
25	52	40
81	53	40
61	54	40
60	55	40
85	56	40
25	57	40
89	58	40
60	59	40
43	60	40
52	61	40
49	62	40
17	63	40
49	64	40
60	65	40
62	66	40
54	67	40
43	68	40
23	69	40
25	70	40
44	71	40
42	72	40
95	73	40
53	74	40
57	75	40
83	76	40
55	77	40
65	78	40
58	79	40
64	80	40
68	81	40
57	82	40
47	83	40
63	84	40
57	85	40
49	86	40
36	87	40
33	88	40
43	89	40
52	90	40
83	91	40
95	92	40
73	93	40
47	94	40
57	95	40
32	96	40
13	97	40
39	98	40
45	99	40
45	100	40
83	0	41
83	1	41
51	2	41
15	3	41
33	4	41
15	5	41
46	6	41
40	7	41
54	8	41
57	9	41
95	10	41
9	11	41
99	12	41
83	13	41
54	14	41
93	15	41
63	16	41
55	17	41
42	18	41
47	19	41
69	20	41
35	21	41
59	22	41
43	23	41
33	24	41
30	25	41
33	26	41
37	27	41
49	28	41
19	29	41
77	30	41
56	31	41
54	32	41
49	33	41
31	34	41
65	35	41
46	36	41
97	37	41
69	38	41
47	39	41
95	40	41
17	41	41
99	42	41
29	43	41
7	44	41
91	45	41
71	46	41
44	47	41
41	48	41
48	49	41
39	50	41
25	51	41
26	52	41
11	53	41
39	54	41
39	55	41
23	56	41
28	57	41
64	58	41
91	59	41
27	60	41
48	61	41
75	62	41
85	63	41
68	64	41
70	65	41
73	66	41
49	67	41
51	68	41
33	69	41
11	70	41
21	71	41
30	72	41
7	73	41
33	74	41
38	75	41
41	76	41
42	77	41
51	78	41
31	79	41
57	80	41
75	81	41
19	82	41
46	83	41
79	84	41
45	85	41
11	86	41
50	87	41
56	88	41
46	89	41
41	90	41
87	91	41
64	92	41
23	93	41
19	94	41
57	95	41
37	96	41
33	97	41
39	98	41
41	99	41
42	100	41
75	0	42
70	1	42
59	2	42
47	3	42
35	4	42
39	5	42
49	6	42
51	7	42
39	8	42
33	9	42
3	10	42
93	11	42
45	12	42
61	13	42
33	14	42
51	15	42
56	16	42
67	17	42
5	18	42
18	19	42
13	20	42
30	21	42
7	22	42
59	23	42
40	24	42
23	25	42
25	26	42
17	27	42
87	28	42
75	29	42
58	30	42
21	31	42
27	32	42
37	33	42
13	34	42
23	35	42
15	36	42
55	37	42
61	38	42
61	39	42
67	40	42
59	41	42
45	42	42
61	43	42
89	44	42
85	45	42
73	46	42
57	47	42
89	48	42
54	49	42
46	50	42
42	51	42
46	52	42
39	53	42
47	54	42
69	55	42
27	56	42
1	57	42
49	58	42
11	59	42
1	60	42
40	61	42
65	62	42
69	63	42
67	64	42
81	65	42
61	66	42
53	67	42
58	68	42
48	69	42
44	70	42
73	71	42
52	72	42
46	73	42
36	74	42
23	75	42
3	76	42
19	77	42
69	78	42
52	79	42
81	80	42
60	81	42
27	82	42
40	83	42
37	84	42
35	85	42
13	86	42
99	87	42
97	88	42
43	89	42
95	90	42
13	91	42
51	92	42
61	93	42
42	94	42
1	95	42
26	96	42
43	97	42
43	98	42
40	99	42
40	100	42
72	0	43
63	1	43
69	2	43
79	3	43
64	4	43
58	5	43
59	6	43
63	7	43
21	8	43
31	9	43
29	10	43
47	11	43
31	12	43
73	13	43
50	14	43
27	15	43
43	16	43
55	17	43
65	18	43
9	19	43
67	20	43
67	21	43
81	22	43
62	23	43
45	24	43
23	25	43
29	26	43
33	27	43
62	28	43
65	29	43
59	30	43
51	31	43
75	32	43
61	33	43
40	34	43
44	35	43
79	36	43
47	37	43
61	38	43
73	39	43
55	40	43
58	41	43
77	42	43
83	43	43
77	44	43
87	45	43
81	46	43
21	47	43
38	48	43
33	49	43
48	50	43
52	51	43
77	52	43
54	53	43
41	54	43
15	55	43
30	56	43
34	57	43
65	58	43
9	59	43
85	60	43
47	61	43
79	62	43
58	63	43
51	64	43
5	65	43
37	66	43
44	67	43
79	68	43
59	69	43
47	70	43
57	71	43
59	72	43
91	73	43
40	74	43
17	75	43
38	76	43
97	77	43
60	78	43
27	79	43
41	80	43
57	81	43
48	82	43
51	83	43
45	84	43
11	85	43
24	86	43
41	87	43
43	88	43
32	89	43
35	90	43
89	91	43
66	92	43
77	93	43
87	94	43
7	95	43
24	96	43
33	97	43
29	98	43
38	99	43
40	100	43
77	0	44
75	1	44
76	2	44
78	3	44
85	4	44
71	5	44
65	6	44
85	7	44
79	8	44
41	9	44
36	10	44
37	11	44
63	12	44
37	13	44
67	14	44
27	15	44
37	16	44
44	17	44
49	18	44
38	19	44
23	20	44
91	21	44
74	22	44
62	23	44
57	24	44
57	25	44
35	26	44
39	27	44
65	28	44
63	29	44
54	30	44
49	31	44
52	32	44
49	33	44
42	34	44
36	35	44
15	36	44
56	37	44
65	38	44
52	39	44
23	40	44
44	41	44
61	42	44
95	43	44
51	44	44
51	45	44
64	46	44
45	47	44
9	48	44
59	49	44
63	50	44
41	51	44
85	52	44
59	53	44
53	54	44
63	55	44
46	56	44
41	57	44
35	58	44
27	59	44
63	60	44
65	61	44
81	62	44
33	63	44
77	64	44
45	65	44
40	66	44
9	67	44
65	68	44
62	69	44
43	70	44
49	71	44
63	72	44
60	73	44
19	74	44
27	75	44
36	76	44
60	77	44
49	78	44
25	79	44
31	80	44
49	81	44
58	82	44
70	83	44
83	84	44
5	85	44
33	86	44
81	87	44
5	88	44
9	89	44
37	90	44
54	91	44
49	92	44
37	93	44
43	94	44
17	95	44
28	96	44
39	97	44
47	98	44
44	99	44
42	100	44
85	0	45
84	1	45
83	2	45
73	3	45
47	4	45
3	5	45
48	6	45
81	7	45
67	8	45
21	9	45
34	10	45
5	11	45
39	12	45
42	13	45
49	14	45
39	15	45
33	16	45
37	17	45
49	18	45
71	19	45
34	20	45
35	21	45
64	22	45
55	23	45
65	24	45
49	25	45
17	26	45
25	27	45
97	28	45
68	29	45
46	30	45
41	31	45
35	32	45
42	33	45
42	34	45
43	35	45
49	36	45
99	37	45
97	38	45
49	39	45
27	40	45
33	41	45
13	42	45
83	43	45
62	44	45
65	45	45
81	46	45
25	47	45
41	48	45
46	49	45
83	50	45
77	51	45
60	52	45
47	53	45
50	54	45
54	55	45
51	56	45
41	57	45
7	58	45
9	59	45
85	60	45
72	61	45
83	62	45
54	63	45
68	64	45
60	65	45
69	66	45
95	67	45
25	68	45
81	69	45
17	70	45
33	71	45
58	72	45
69	73	45
51	74	45
43	75	45
21	76	45
58	77	45
56	78	45
48	79	45
45	80	45
53	81	45
63	82	45
91	83	45
65	84	45
35	85	45
23	86	45
48	87	45
47	88	45
44	89	45
50	90	45
42	91	45
38	92	45
35	93	45
33	94	45
24	95	45
34	96	45
49	97	45
75	98	45
50	99	45
44	100	45
95	0	46
93	1	46
99	2	46
66	3	46
40	4	46
49	5	46
43	6	46
38	7	46
3	8	46
39	9	46
77	10	46
55	11	46
46	12	46
45	13	46
48	14	46
50	15	46
50	16	46
51	17	46
55	18	46
73	19	46
7	20	46
81	21	46
95	22	46
33	23	46
53	24	46
59	25	46
41	26	46
35	27	46
62	28	46
69	29	46
19	30	46
36	31	46
39	32	46
42	33	46
44	34	46
44	35	46
41	36	46
23	37	46
3	38	46
21	39	46
33	40	46
48	41	46
85	42	46
66	43	46
52	44	46
9	45	46
11	46	46
85	47	46
35	48	46
1	49	46
43	50	46
42	51	46
31	52	46
1	53	46
45	54	46
54	55	46
61	56	46
65	57	46
81	58	46
50	59	46
62	60	46
56	61	46
45	62	46
33	63	46
81	64	46
57	65	46
47	66	46
13	67	46
23	68	46
52	69	46
50	70	46
54	71	46
69	72	46
77	73	46
75	74	46
76	75	46
95	76	46
95	77	46
69	78	46
69	79	46
47	80	46
55	81	46
52	82	46
73	83	46
54	84	46
62	85	46
69	86	46
43	87	46
93	88	46
70	89	46
79	90	46
27	91	46
27	92	46
32	93	46
29	94	46
13	95	46
37	96	46
51	97	46
19	98	46
37	99	46
41	100	46
79	0	47
97	1	47
83	2	47
53	3	47
1	4	47
61	5	47
39	6	47
25	7	47
30	8	47
56	9	47
71	10	47
95	11	47
47	12	47
43	13	47
47	14	47
62	15	47
67	16	47
61	17	47
50	18	47
47	19	47
35	20	47
51	21	47
49	22	47
47	23	47
58	24	47
73	25	47
44	26	47
13	27	47
49	28	47
61	29	47
47	30	47
44	31	47
43	32	47
45	33	47
47	34	47
48	35	47
49	36	47
63	37	47
71	38	47
1	39	47
37	40	47
43	41	47
54	42	47
47	43	47
71	44	47
54	45	47
79	46	47
29	47	47
25	48	47
30	49	47
45	50	47
19	51	47
23	52	47
43	53	47
75	54	47
57	55	47
77	56	47
71	57	47
51	58	47
50	59	47
59	60	47
46	61	47
9	62	47
65	63	47
33	64	47
42	65	47
41	66	47
28	67	47
5	68	47
54	69	47
79	70	47
64	71	47
89	72	47
69	73	47
9	74	47
91	75	47
87	76	47
77	77	47
58	78	47
17	79	47
93	80	47
53	81	47
19	82	47
45	83	47
15	84	47
93	85	47
63	86	47
44	87	47
33	88	47
63	89	47
52	90	47
1	91	47
13	92	47
35	93	47
41	94	47
46	95	47
50	96	47
51	97	47
32	98	47
38	99	47
42	100	47
46	0	48
41	1	48
54	2	48
39	3	48
28	4	48
41	5	48
29	6	48
11	7	48
37	8	48
83	9	48
59	10	48
5	11	48
43	12	48
33	13	48
35	14	48
87	15	48
63	16	48
42	17	48
38	18	48
35	19	48
52	20	48
40	21	48
5	22	48
47	23	48
58	24	48
60	25	48
52	26	48
47	27	48
60	28	48
70	29	48
64	30	48
52	31	48
45	32	48
48	33	48
51	34	48
51	35	48
47	36	48
55	37	48
64	38	48
73	39	48
63	40	48
39	41	48
41	42	48
49	43	48
56	44	48
60	45	48
71	46	48
35	47	48
7	48	48
48	49	48
91	50	48
43	51	48
1	52	48
73	53	48
85	54	48
51	55	48
35	56	48
67	57	48
5	58	48
41	59	48
53	60	48
59	61	48
83	62	48
52	63	48
27	64	48
38	65	48
47	66	48
54	67	48
81	68	48
83	69	48
39	70	48
36	71	48
19	72	48
77	73	48
77	74	48
82	75	48
76	76	48
70	77	48
70	78	48
91	79	48
70	80	48
47	81	48
44	82	48
73	83	48
63	84	48
64	85	48
35	86	48
40	87	48
65	88	48
99	89	48
66	90	48
52	91	48
49	92	48
55	93	48
63	94	48
81	95	48
69	96	48
33	97	48
21	98	48
43	99	48
49	100	48
19	0	49
85	1	49
55	2	49
23	3	49
32	4	49
28	5	49
28	6	49
23	7	49
26	8	49
27	9	49
79	10	49
79	11	49
89	12	49
13	13	49
43	14	49
70	15	49
53	16	49
9	17	49
23	18	49
5	19	49
99	20	49
53	21	49
27	22	49
81	23	49
67	24	49
59	25	49
59	26	49
89	27	49
75	28	49
95	29	49
89	30	49
53	31	49
38	32	49
53	33	49
43	34	49
21	35	49
36	36	49
47	37	49
59	38	49
81	39	49
7	40	49
11	41	49
28	42	49
31	43	49
46	44	49
60	45	49
91	46	49
35	47	49
87	48	49
65	49	49
66	50	49
62	51	49
89	52	49
81	53	49
79	54	49
63	55	49
57	56	49
59	57	49
55	58	49
55	59	49
54	60	49
56	61	49
48	62	49
33	63	49
27	64	49
38	65	49
50	66	49
60	67	49
62	68	49
21	69	49
27	70	49
25	71	49
49	72	49
63	73	49
97	74	49
87	75	49
66	76	49
57	77	49
61	78	49
63	79	49
49	80	49
23	81	49
39	82	49
53	83	49
57	84	49
67	85	49
49	86	49
17	87	49
89	88	49
79	89	49
63	90	49
95	91	49
73	92	49
75	93	49
74	94	49
83	95	49
75	96	49
73	97	49
93	98	49
79	99	49
61	100	49
49	0	50
63	1	50
59	2	50
65	3	50
49	4	50
13	5	50
33	6	50
25	7	50
19	8	50
34	9	50
52	10	50
61	11	50
55	12	50
25	13	50
87	14	50
99	15	50
71	16	50
95	17	50
43	18	50
9	19	50
45	20	50
46	21	50
46	22	50
61	23	50
57	24	50
44	25	50
51	26	50
45	27	50
58	28	50
62	29	50
45	30	50
33	31	50
3	32	50
81	33	50
49	34	50
31	35	50
29	36	50
41	37	50
46	38	50
43	39	50
17	40	50
23	41	50
32	42	50
33	43	50
39	44	50
42	45	50
51	46	50
35	47	50
17	48	50
59	49	50
47	50	50
50	51	50
65	52	50
83	53	50
89	54	50
65	55	50
71	56	50
60	57	50
50	58	50
21	59	50
51	60	50
65	61	50
21	62	50
5	63	50
11	64	50
38	65	50
57	66	50
73	67	50
87	68	50
55	69	50
69	70	50
51	71	50
77	72	50
99	73	50
91	74	50
69	75	50
44	76	50
31	77	50
45	78	50
51	79	50
41	80	50
31	81	50
35	82	50
45	83	50
53	84	50
99	85	50
41	86	50
19	87	50
62	88	50
66	89	50
59	90	50
68	91	50
73	92	50
97	93	50
76	94	50
73	95	50
74	96	50
93	97	50
21	98	50
50	99	50
56	100	50
65	0	51
59	1	51
52	2	51
61	3	51
89	4	51
54	5	51
69	6	51
38	7	51
30	8	51
37	9	51
37	10	51
56	11	51
54	12	51
53	13	51
51	14	51
19	15	51
37	16	51
75	17	51
51	18	51
11	19	51
26	20	51
40	21	51
50	22	51
61	23	51
95	24	51
11	25	51
57	26	51
79	27	51
50	28	51
52	29	51
63	30	51
32	31	51
9	32	51
51	33	51
42	34	51
25	35	51
36	36	51
41	37	51
42	38	51
39	39	51
29	40	51
32	41	51
43	42	51
38	43	51
35	44	51
19	45	51
38	46	51
30	47	51
35	48	51
75	49	51
15	50	51
27	51	51
41	52	51
9	53	51
83	54	51
67	55	51
66	56	51
61	57	51
65	58	51
50	59	51
66	60	51
89	61	51
39	62	51
53	63	51
33	64	51
45	65	51
56	66	51
45	67	51
43	68	51
3	69	51
39	70	51
35	71	51
19	72	51
73	73	51
72	74	51
57	75	51
11	76	51
30	77	51
40	78	51
55	79	51
31	80	51
27	81	51
25	82	51
29	83	51
23	84	51
67	85	51
93	86	51
99	87	51
75	88	51
65	89	51
39	90	51
45	91	51
56	92	51
64	93	51
61	94	51
61	95	51
57	96	51
73	97	51
11	98	51
46	99	51
56	100	51
89	0	52
55	1	52
31	2	52
65	3	52
35	4	52
45	5	52
7	6	52
31	7	52
27	8	52
48	9	52
57	10	52
75	11	52
55	12	52
89	13	52
45	14	52
33	15	52
34	16	52
9	17	52
33	18	52
21	19	52
9	20	52
38	21	52
53	22	52
39	23	52
63	24	52
93	25	52
69	26	52
41	27	52
11	28	52
32	29	52
34	30	52
26	31	52
20	32	52
45	33	52
45	34	52
81	35	52
51	36	52
45	37	52
44	38	52
42	39	52
31	40	52
35	41	52
71	42	52
41	43	52
9	44	52
63	45	52
51	46	52
11	47	52
21	48	52
27	49	52
61	50	52
47	51	52
51	52	52
35	53	52
23	54	52
55	55	52
66	56	52
52	57	52
48	58	52
48	59	52
75	60	52
66	61	52
57	62	52
85	63	52
25	64	52
55	65	52
77	66	52
9	67	52
41	68	52
25	69	52
41	70	52
33	71	52
15	72	52
51	73	52
67	74	52
85	75	52
48	76	52
39	77	52
29	78	52
99	79	52
3	80	52
22	81	52
9	82	52
83	83	52
51	84	52
53	85	52
67	86	52
74	87	52
76	88	52
81	89	52
91	90	52
48	91	52
43	92	52
41	93	52
42	94	52
52	95	52
67	96	52
61	97	52
50	98	52
66	99	52
68	100	52
59	0	53
42	1	53
49	2	53
67	3	53
45	4	53
27	5	53
31	6	53
51	7	53
97	8	53
71	9	53
68	10	53
70	11	53
63	12	53
61	13	53
54	14	53
17	15	53
57	16	53
73	17	53
51	18	53
44	19	53
59	20	53
49	21	53
87	22	53
64	23	53
73	24	53
23	25	53
56	26	53
63	27	53
49	28	53
33	29	53
17	30	53
16	31	53
1	32	53
26	33	53
13	34	53
49	35	53
49	36	53
41	37	53
47	38	53
53	39	53
21	40	53
5	41	53
11	42	53
29	43	53
27	44	53
56	45	53
95	46	53
31	47	53
13	48	53
85	49	53
68	50	53
93	51	53
81	52	53
58	53	53
49	54	53
63	55	53
93	56	53
33	57	53
28	58	53
21	59	53
37	60	53
46	61	53
41	62	53
66	63	53
46	64	53
27	65	53
50	66	53
46	67	53
89	68	53
15	69	53
67	70	53
50	71	53
35	72	53
51	73	53
62	74	53
70	75	53
57	76	53
49	77	53
50	78	53
63	79	53
42	80	53
49	81	53
49	82	53
63	83	53
45	84	53
38	85	53
50	86	53
57	87	53
71	88	53
95	89	53
29	90	53
15	91	53
31	92	53
17	93	53
15	94	53
38	95	53
63	96	53
56	97	53
63	98	53
99	99	53
83	100	53
47	0	54
7	1	54
56	2	54
97	3	54
17	4	54
37	5	54
42	6	54
47	7	54
93	8	54
72	9	54
75	10	54
74	11	54
67	12	54
39	13	54
93	14	54
87	15	54
19	16	54
77	17	54
54	18	54
45	19	54
37	20	54
13	21	54
53	22	54
57	23	54
57	24	54
48	25	54
69	26	54
54	27	54
35	28	54
34	29	54
21	30	54
23	31	54
25	32	54
47	33	54
43	34	54
56	35	54
99	36	54
51	37	54
50	38	54
37	39	54
65	40	54
59	41	54
43	42	54
39	43	54
48	44	54
39	45	54
29	46	54
7	47	54
23	48	54
51	49	54
33	50	54
64	51	54
66	52	54
67	53	54
54	54	54
55	55	54
99	56	54
39	57	54
11	58	54
65	59	54
19	60	54
41	61	54
95	62	54
95	63	54
65	64	54
49	65	54
51	66	54
39	67	54
33	68	54
35	69	54
59	70	54
67	71	54
34	72	54
3	73	54
60	74	54
77	75	54
49	76	54
52	77	54
59	78	54
61	79	54
53	80	54
51	81	54
50	82	54
47	83	54
30	84	54
3	85	54
40	86	54
71	87	54
56	88	54
55	89	54
21	90	54
38	91	54
52	92	54
81	93	54
42	94	54
25	95	54
38	96	54
38	97	54
57	98	54
85	99	54
81	100	54
87	0	55
89	1	55
73	2	55
51	3	55
56	4	55
65	5	55
55	6	55
1	7	55
37	8	55
51	9	55
85	10	55
83	11	55
95	12	55
62	13	55
77	14	55
57	15	55
45	16	55
64	17	55
43	18	55
47	19	55
47	20	55
44	21	55
55	22	55
54	23	55
51	24	55
45	25	55
27	26	55
49	27	55
85	28	55
47	29	55
13	30	55
29	31	55
31	32	55
46	33	55
59	34	55
33	35	55
68	36	55
60	37	55
66	38	55
99	39	55
47	40	55
60	41	55
63	42	55
51	43	55
87	44	55
55	45	55
47	46	55
75	47	55
58	48	55
64	49	55
79	50	55
64	51	55
55	52	55
41	53	55
45	54	55
7	55	55
38	56	55
13	57	55
44	58	55
95	59	55
33	60	55
5	61	55
52	62	55
75	63	55
71	64	55
56	65	55
45	66	55
21	67	55
5	68	55
33	69	55
69	70	55
3	71	55
31	72	55
31	73	55
99	74	55
33	75	55
36	76	55
51	77	55
73	78	55
70	79	55
58	80	55
51	81	55
55	82	55
44	83	55
25	84	55
27	85	55
36	86	55
39	87	55
29	88	55
51	89	55
99	90	55
65	91	55
58	92	55
55	93	55
49	94	55
41	95	55
28	96	55
1	97	55
42	98	55
83	99	55
76	100	55
61	0	56
25	1	56
62	2	56
70	3	56
91	4	56
67	5	56
53	6	56
32	7	56
41	8	56
11	9	56
58	10	56
79	11	56
39	12	56
39	13	56
97	14	56
76	15	56
95	16	56
91	17	56
7	18	56
41	19	56
61	20	56
62	21	56
91	22	56
53	23	56
9	24	56
34	25	56
37	26	56
51	27	56
54	28	56
57	29	56
45	30	56
49	31	56
25	32	56
48	33	56
57	34	56
60	35	56
81	36	56
56	37	56
55	38	56
72	39	56
83	40	56
74	41	56
97	42	56
17	43	56
49	44	56
47	45	56
41	46	56
59	47	56
73	48	56
70	49	56
68	50	56
60	51	56
48	52	56
33	53	56
21	54	56
29	55	56
33	56	56
40	57	56
60	58	56
97	59	56
15	60	56
23	61	56
35	62	56
83	63	56
69	64	56
58	65	56
53	66	56
49	67	56
19	68	56
25	69	56
5	70	56
33	71	56
59	72	56
52	73	56
51	74	56
25	75	56
13	76	56
44	77	56
64	78	56
89	79	56
59	80	56
57	81	56
77	82	56
51	83	56
41	84	56
43	85	56
41	86	56
31	87	56
54	88	56
91	89	56
81	90	56
65	91	56
59	92	56
35	93	56
58	94	56
50	95	56
34	96	56
13	97	56
28	98	56
58	99	56
65	100	56
72	0	57
85	1	57
83	2	57
77	3	57
80	4	57
62	5	57
39	6	57
35	7	57
44	8	57
42	9	57
58	10	57
59	11	57
53	12	57
31	13	57
37	14	57
57	15	57
79	16	57
75	17	57
73	18	57
50	19	57
51	20	57
54	21	57
61	22	57
56	23	57
51	24	57
47	25	57
37	26	57
23	27	57
25	28	57
52	29	57
62	30	57
99	31	57
48	32	57
63	33	57
62	34	57
69	35	57
73	36	57
29	37	57
27	38	57
51	39	57
58	40	57
56	41	57
58	42	57
41	43	57
47	44	57
44	45	57
11	46	57
47	47	57
73	48	57
75	49	57
64	50	57
61	51	57
43	52	57
23	53	57
44	54	57
33	55	57
45	56	57
55	57	57
61	58	57
55	59	57
38	60	57
40	61	57
46	62	57
59	63	57
71	64	57
54	65	57
42	66	57
26	67	57
9	68	57
63	69	57
83	70	57
66	71	57
73	72	57
67	73	57
64	74	57
44	75	57
33	76	57
47	77	57
53	78	57
7	79	57
36	80	57
40	81	57
25	82	57
42	83	57
45	84	57
63	85	57
54	86	57
53	87	57
67	88	57
68	89	57
69	90	57
54	91	57
65	92	57
99	93	57
99	94	57
67	95	57
46	96	57
22	97	57
1	98	57
57	99	57
62	100	57
71	0	58
57	1	58
65	2	58
74	3	58
91	4	58
61	5	58
48	6	58
49	7	58
61	8	58
55	9	58
73	10	58
95	11	58
56	12	58
53	13	58
58	14	58
68	15	58
91	16	58
59	17	58
57	18	58
37	19	58
39	20	58
41	21	58
43	22	58
59	23	58
93	24	58
65	25	58
41	26	58
11	27	58
95	28	58
66	29	58
51	30	58
17	31	58
7	32	58
95	33	58
61	34	58
81	35	58
7	36	58
31	37	58
59	38	58
47	39	58
42	40	58
35	41	58
38	42	58
43	43	58
52	44	58
73	45	58
15	46	58
47	47	58
99	48	58
47	49	58
51	50	58
48	51	58
41	52	58
44	53	58
99	54	58
15	55	58
60	56	58
87	57	58
41	58	58
25	59	58
42	60	58
53	61	58
51	62	58
38	63	58
7	64	58
45	65	58
35	66	58
7	67	58
91	68	58
77	69	58
78	70	58
77	71	58
99	72	58
80	73	58
95	74	58
54	75	58
50	76	58
59	77	58
54	78	58
19	79	58
38	80	58
42	81	58
41	82	58
47	83	58
35	84	58
3	85	58
59	86	58
61	87	58
95	88	58
45	89	58
19	90	58
19	91	58
49	92	58
77	93	58
86	94	58
73	95	58
61	96	58
29	97	58
17	98	58
75	99	58
64	100	58
85	0	59
7	1	59
48	2	59
64	3	59
76	4	59
95	5	59
45	6	59
53	7	59
97	8	59
53	9	59
85	10	59
68	11	59
25	12	59
21	13	59
75	14	59
66	15	59
58	16	59
3	17	59
26	18	59
3	19	59
28	20	59
27	21	59
11	22	59
45	23	59
62	24	59
25	25	59
51	26	59
65	27	59
81	28	59
68	29	59
59	30	59
29	31	59
27	32	59
46	33	59
50	34	59
69	35	59
89	36	59
31	37	59
45	38	59
39	39	59
27	40	59
5	41	59
17	42	59
40	43	59
46	44	59
46	45	59
27	46	59
27	47	59
59	48	59
95	49	59
47	50	59
38	51	59
31	52	59
13	53	59
39	54	59
11	55	59
95	56	59
84	57	59
81	58	59
77	59	59
51	60	59
79	61	59
67	62	59
36	63	59
40	64	59
85	65	59
48	66	59
44	67	59
87	68	59
77	69	59
74	70	59
66	71	59
57	72	59
61	73	59
45	74	59
27	75	59
54	76	59
69	77	59
85	78	59
81	79	59
55	80	59
50	81	59
52	82	59
50	83	59
41	84	59
19	85	59
5	86	59
38	87	59
43	88	59
27	89	59
22	90	59
30	91	59
52	92	59
77	93	59
95	94	59
57	95	59
48	96	59
44	97	59
73	98	59
57	99	59
55	100	59
63	0	60
41	1	60
55	2	60
57	3	60
56	4	60
53	5	60
40	6	60
49	7	60
43	8	60
15	9	60
53	10	60
68	11	60
91	12	60
62	13	60
61	14	60
64	15	60
73	16	60
40	17	60
42	18	60
47	19	60
43	20	60
31	21	60
41	22	60
61	23	60
85	24	60
49	25	60
61	26	60
89	27	60
99	28	60
64	29	60
89	30	60
13	31	60
29	32	60
11	33	60
25	34	60
58	35	60
83	36	60
79	37	60
27	38	60
21	39	60
25	40	60
5	41	60
30	42	60
53	43	60
48	44	60
38	45	60
21	46	60
49	47	60
21	48	60
75	49	60
5	50	60
28	51	60
32	52	60
29	53	60
35	54	60
33	55	60
61	56	60
75	57	60
72	58	60
42	59	60
9	60	60
40	61	60
34	62	60
1	63	60
34	64	60
46	65	60
29	66	60
35	67	60
59	68	60
71	69	60
74	70	60
58	71	60
67	72	60
64	73	60
51	74	60
51	75	60
71	76	60
66	77	60
60	78	60
65	79	60
53	80	60
51	81	60
67	82	60
61	83	60
61	84	60
27	85	60
71	86	60
45	87	60
25	88	60
1	89	60
13	90	60
28	91	60
53	92	60
85	93	60
61	94	60
15	95	60
31	96	60
27	97	60
1	98	60
27	99	60
43	100	60
64	0	61
41	1	61
75	2	61
53	3	61
39	4	61
11	5	61
13	6	61
63	7	61
13	8	61
19	9	61
45	10	61
60	11	61
79	12	61
75	13	61
43	14	61
56	15	61
55	16	61
45	17	61
56	18	61
99	19	61
69	20	61
63	21	61
63	22	61
73	23	61
48	24	61
27	25	61
55	26	61
63	27	61
48	28	61
1	29	61
33	30	61
13	31	61
65	32	61
69	33	61
50	34	61
57	35	61
19	36	61
17	37	61
85	38	61
39	39	61
13	40	61
22	41	61
45	42	61
97	43	61
53	44	61
38	45	61
29	46	61
63	47	61
41	48	61
97	49	61
43	50	61
39	51	61
38	52	61
37	53	61
40	54	61
27	55	61
31	56	61
1	57	61
91	58	61
11	59	61
55	60	61
38	61	61
28	62	61
11	63	61
49	64	61
39	65	61
29	66	61
9	67	61
43	68	61
60	69	61
95	70	61
25	71	61
91	72	61
75	73	61
46	74	61
56	75	61
52	76	61
65	77	61
25	78	61
39	79	61
40	80	61
34	81	61
21	82	61
69	83	61
29	84	61
43	85	61
55	86	61
46	87	61
11	88	61
47	89	61
79	90	61
17	91	61
46	92	61
73	93	61
51	94	61
34	95	61
33	96	61
32	97	61
35	98	61
43	99	61
49	100	61
89	0	62
19	1	62
52	2	62
43	3	62
1	4	62
28	5	62
31	6	62
27	7	62
50	8	62
97	9	62
48	10	62
49	11	62
53	12	62
48	13	62
59	14	62
63	15	62
48	16	62
27	17	62
38	18	62
69	19	62
53	20	62
44	21	62
41	22	62
53	23	62
7	24	62
36	25	62
99	26	62
17	27	62
29	28	62
23	29	62
32	30	62
31	31	62
17	32	62
46	33	62
49	34	62
79	35	62
49	36	62
46	37	62
67	38	62
39	39	62
5	40	62
27	41	62
30	42	62
13	43	62
30	44	62
34	45	62
43	46	62
73	47	62
61	48	62
65	49	62
33	50	62
46	51	62
44	52	62
41	53	62
63	54	62
44	55	62
38	56	62
32	57	62
47	58	62
23	59	62
47	60	62
30	61	62
31	62	62
29	63	62
49	64	62
45	65	62
95	66	62
48	67	62
43	68	62
33	69	62
33	70	62
46	71	62
73	72	62
99	73	62
1	74	62
77	75	62
19	76	62
85	77	62
23	78	62
38	79	62
37	80	62
25	81	62
38	82	62
65	83	62
89	84	62
63	85	62
59	86	62
75	87	62
50	88	62
27	89	62
42	90	62
32	91	62
43	92	62
43	93	62
35	94	62
39	95	62
35	96	62
34	97	62
63	98	62
63	99	62
61	100	62
71	0	63
50	1	63
71	2	63
68	3	63
97	4	63
71	5	63
57	6	63
53	7	63
65	8	63
85	9	63
3	10	63
35	11	63
35	12	63
7	13	63
85	14	63
61	15	63
47	16	63
30	17	63
3	18	63
85	19	63
33	20	63
19	21	63
7	22	63
75	23	63
36	24	63
11	25	63
43	26	63
27	27	63
31	28	63
31	29	63
41	30	63
65	31	63
21	32	63
50	33	63
69	34	63
57	35	63
53	36	63
53	37	63
67	38	63
46	39	63
34	40	63
53	41	63
35	42	63
22	43	63
23	44	63
23	45	63
37	46	63
11	47	63
57	48	63
69	49	63
63	50	63
69	51	63
51	52	63
77	53	63
61	54	63
51	55	63
45	56	63
44	57	63
53	58	63
38	59	63
34	60	63
7	61	63
33	62	63
25	63	63
43	64	63
37	65	63
13	66	63
47	67	63
49	68	63
45	69	63
69	70	63
55	71	63
58	72	63
59	73	63
47	74	63
60	75	63
44	76	63
41	77	63
51	78	63
54	79	63
73	80	63
31	81	63
42	82	63
51	83	63
63	84	63
73	85	63
44	86	63
43	87	63
87	88	63
17	89	63
29	90	63
29	91	63
50	92	63
81	93	63
89	94	63
54	95	63
39	96	63
9	97	63
23	98	63
85	99	63
71	100	63
9	0	64
40	1	64
73	2	64
61	3	64
43	4	64
89	5	64
73	6	64
65	7	64
74	8	64
78	9	64
67	10	64
31	11	64
45	12	64
34	13	64
50	14	64
52	15	64
47	16	64
45	17	64
35	18	64
69	19	64
23	20	64
34	21	64
37	22	64
56	23	64
52	24	64
38	25	64
59	26	64
17	27	64
35	28	64
30	29	64
36	30	64
41	31	64
17	32	64
65	33	64
41	34	64
53	35	64
48	36	64
47	37	64
50	38	64
43	39	64
35	40	64
37	41	64
28	42	64
17	43	64
25	44	64
29	45	64
11	46	64
33	47	64
57	48	64
93	49	64
81	50	64
15	51	64
73	52	64
53	53	64
54	54	64
39	55	64
46	56	64
48	57	64
51	58	64
44	59	64
45	60	64
53	61	64
71	62	64
53	63	64
47	64	64
37	65	64
43	66	64
79	67	64
61	68	64
29	69	64
37	70	64
46	71	64
44	72	64
35	73	64
50	74	64
75	75	64
57	76	64
53	77	64
53	78	64
56	79	64
69	80	64
87	81	64
48	82	64
1	83	64
41	84	64
51	85	64
1	86	64
63	87	64
59	88	64
42	89	64
29	90	64
5	91	64
46	92	64
77	93	64
69	94	64
49	95	64
61	96	64
97	97	64
69	98	64
57	99	64
67	100	64
22	0	65
31	1	65
45	2	65
63	3	65
58	4	65
63	5	65
81	6	65
60	7	65
87	8	65
87	9	65
81	10	65
91	11	65
46	12	65
37	13	65
29	14	65
49	15	65
45	16	65
69	17	65
60	18	65
41	19	65
91	20	65
59	21	65
53	22	65
59	23	65
79	24	65
31	25	65
41	26	65
31	27	65
65	28	65
17	29	65
34	30	65
45	31	65
39	32	65
49	33	65
53	34	65
69	35	65
39	36	65
38	37	65
45	38	65
43	39	65
25	40	65
30	41	65
26	42	65
15	43	65
30	44	65
59	45	65
23	46	65
53	47	65
47	48	65
27	49	65
41	50	65
7	51	65
17	52	65
44	53	65
65	54	65
87	55	65
53	56	65
51	57	65
59	58	65
43	59	65
50	60	65
60	61	65
69	62	65
71	63	65
89	64	65
21	65	65
44	66	65
69	67	65
59	68	65
49	69	65
50	70	65
48	71	65
39	72	65
9	73	65
44	74	65
58	75	65
55	76	65
61	77	65
52	78	65
49	79	65
61	80	65
71	81	65
65	82	65
41	83	65
51	84	65
91	85	65
50	86	65
50	87	65
47	88	65
65	89	65
39	90	65
35	91	65
55	92	65
57	93	65
47	94	65
49	95	65
58	96	65
65	97	65
61	98	65
99	99	65
74	100	65
27	0	66
27	1	66
15	2	66
87	3	66
65	4	66
56	5	66
46	6	66
7	7	66
45	8	66
47	9	66
13	10	66
93	11	66
13	12	66
39	13	66
57	14	66
71	15	66
15	16	66
33	17	66
97	18	66
97	19	66
71	20	66
57	21	66
56	22	66
62	23	66
63	24	66
41	25	66
43	26	66
3	27	66
29	28	66
15	29	66
39	30	66
67	31	66
44	32	66
39	33	66
81	34	66
53	35	66
3	36	66
21	37	66
77	38	66
59	39	66
46	40	66
35	41	66
32	42	66
25	43	66
23	44	66
30	45	66
11	46	66
11	47	66
43	48	66
46	49	66
50	50	66
42	51	66
42	52	66
42	53	66
42	54	66
42	55	66
31	56	66
43	57	66
30	58	66
19	59	66
53	60	66
66	61	66
77	62	66
74	63	66
75	64	66
45	65	66
45	66	66
73	67	66
57	68	66
60	69	66
65	70	66
58	71	66
55	72	66
75	73	66
60	74	66
57	75	66
47	76	66
56	77	66
47	78	66
25	79	66
57	80	66
70	81	66
99	82	66
47	83	66
31	84	66
81	85	66
59	86	66
41	87	66
50	88	66
21	89	66
28	90	66
43	91	66
81	92	66
50	93	66
15	94	66
42	95	66
57	96	66
45	97	66
11	98	66
50	99	66
55	100	66
32	0	67
37	1	67
53	2	67
68	3	67
60	4	67
51	5	67
41	6	67
33	7	67
39	8	67
43	9	67
28	10	67
19	11	67
23	12	67
53	13	67
89	14	67
73	15	67
79	16	67
57	17	67
54	18	67
17	19	67
40	20	67
41	21	67
55	22	67
71	23	67
69	24	67
58	25	67
52	26	67
40	27	67
59	28	67
43	29	67
39	30	67
13	31	67
34	32	67
13	33	67
63	34	67
48	35	67
34	36	67
57	37	67
79	38	67
71	39	67
65	40	67
60	41	67
42	42	67
29	43	67
9	44	67
29	45	67
37	46	67
52	47	67
69	48	67
66	49	67
71	50	67
70	51	67
69	52	67
41	53	67
19	54	67
9	55	67
27	56	67
17	57	67
1	58	67
27	59	67
77	60	67
76	61	67
73	62	67
73	63	67
93	64	67
45	65	67
19	66	67
9	67	67
51	68	67
68	69	67
95	70	67
63	71	67
77	72	67
69	73	67
63	74	67
65	75	67
85	76	67
69	77	67
55	78	67
37	79	67
71	80	67
56	81	67
27	82	67
17	83	67
39	84	67
60	85	67
52	86	67
5	87	67
93	88	67
53	89	67
9	90	67
30	91	67
55	92	67
47	93	67
63	94	67
49	95	67
53	96	67
48	97	67
47	98	67
35	99	67
43	100	67
33	0	68
27	1	68
15	2	68
73	3	68
57	4	68
45	5	68
36	6	68
45	7	68
42	8	68
59	9	68
39	10	68
67	11	68
91	12	68
63	13	68
61	14	68
64	15	68
77	16	68
55	17	68
45	18	68
35	19	68
31	20	68
13	21	68
15	22	68
97	23	68
87	24	68
69	25	68
67	26	68
47	27	68
56	28	68
59	29	68
62	30	68
99	31	68
67	32	68
34	33	68
35	34	68
43	35	68
31	36	68
53	37	68
77	38	68
81	39	68
85	40	68
99	41	68
47	42	68
41	43	68
29	44	68
41	45	68
69	46	68
91	47	68
85	48	68
79	49	68
99	50	68
97	51	68
13	52	68
34	53	68
46	54	68
69	55	68
52	56	68
43	57	68
33	58	68
11	59	68
63	60	68
91	61	68
67	62	68
52	63	68
53	64	68
25	65	68
36	66	68
45	67	68
50	68	68
69	69	68
99	70	68
23	71	68
55	72	68
61	73	68
60	74	68
55	75	68
65	76	68
81	77	68
67	78	68
45	79	68
65	80	68
56	81	68
45	82	68
36	83	68
48	84	68
68	85	68
85	86	68
56	87	68
74	88	68
85	89	68
31	90	68
13	91	68
67	92	68
59	93	68
19	94	68
40	95	68
39	96	68
49	97	68
41	98	68
3	99	68
37	100	68
41	0	69
50	1	69
55	2	69
67	3	69
51	4	69
38	5	69
13	6	69
21	7	69
27	8	69
1	9	69
3	10	69
35	11	69
47	12	69
45	13	69
44	14	69
48	15	69
52	16	69
55	17	69
37	18	69
47	19	69
39	20	69
36	21	69
39	22	69
23	23	69
87	24	69
64	25	69
55	26	69
25	27	69
61	28	69
75	29	69
52	30	69
15	31	69
33	32	69
22	33	69
3	34	69
46	35	69
93	36	69
77	37	69
95	38	69
91	39	69
95	40	69
68	41	69
35	42	69
59	43	69
81	44	69
62	45	69
63	46	69
54	47	69
57	48	69
67	49	69
62	50	69
48	51	69
30	52	69
36	53	69
63	54	69
69	55	69
70	56	69
69	57	69
79	58	69
57	59	69
73	60	69
87	61	69
54	62	69
17	63	69
38	64	69
43	65	69
58	66	69
85	67	69
37	68	69
59	69	69
69	70	69
67	71	69
61	72	69
61	73	69
61	74	69
75	75	69
74	76	69
67	77	69
41	78	69
87	79	69
67	80	69
58	81	69
46	82	69
37	83	69
49	84	69
81	85	69
3	86	69
63	87	69
62	88	69
73	89	69
89	90	69
49	91	69
46	92	69
43	93	69
63	94	69
53	95	69
15	96	69
48	97	69
66	98	69
93	99	69
66	100	69
69	0	70
77	1	70
89	2	70
65	3	70
43	4	70
41	5	70
50	6	70
59	7	70
46	8	70
33	9	70
18	10	70
25	11	70
17	12	70
28	13	70
23	14	70
31	15	70
30	16	70
38	17	70
46	18	70
79	19	70
55	20	70
55	21	70
85	22	70
49	23	70
53	24	70
47	25	70
69	26	70
11	27	70
89	28	70
39	29	70
59	30	70
17	31	70
28	32	70
20	33	70
17	34	70
45	35	70
59	36	70
67	37	70
93	38	70
93	39	70
73	40	70
43	41	70
75	42	70
11	43	70
1	44	70
63	45	70
17	46	70
5	47	70
25	48	70
71	49	70
33	50	70
5	51	70
23	52	70
19	53	70
30	54	70
3	55	70
91	56	70
87	57	70
63	58	70
65	59	70
87	60	70
87	61	70
47	62	70
35	63	70
41	64	70
50	65	70
69	66	70
69	67	70
75	68	70
61	69	70
53	70	70
60	71	70
61	72	70
61	73	70
50	74	70
69	75	70
91	76	70
73	77	70
65	78	70
75	79	70
60	80	70
63	81	70
47	82	70
17	83	70
32	84	70
55	85	70
65	86	70
37	87	70
39	88	70
57	89	70
53	90	70
51	91	70
25	92	70
5	93	70
56	94	70
95	95	70
73	96	70
64	97	70
83	98	70
75	99	70
69	100	70
50	0	71
74	1	71
80	2	71
60	3	71
17	4	71
35	5	71
89	6	71
79	7	71
64	8	71
67	9	71
11	10	71
25	11	71
20	12	71
27	13	71
49	14	71
23	15	71
1	16	71
22	17	71
32	18	71
49	19	71
49	20	71
44	21	71
29	22	71
35	23	71
31	24	71
1	25	71
30	26	71
26	27	71
37	28	71
1	29	71
67	30	71
46	31	71
43	32	71
13	33	71
37	34	71
40	35	71
33	36	71
39	37	71
99	38	71
71	39	71
63	40	71
47	41	71
15	42	71
71	43	71
30	44	71
35	45	71
32	46	71
25	47	71
34	48	71
83	49	71
46	50	71
21	51	71
41	52	71
39	53	71
37	54	71
42	55	71
73	56	71
69	57	71
21	58	71
55	59	71
67	60	71
58	61	71
13	62	71
35	63	71
43	64	71
47	65	71
27	66	71
73	67	71
99	68	71
59	69	71
89	70	71
61	71	71
61	72	71
71	73	71
9	74	71
63	75	71
71	76	71
70	77	71
72	78	71
89	79	71
37	80	71
55	81	71
62	82	71
83	83	71
7	84	71
45	85	71
52	86	71
58	87	71
75	88	71
65	89	71
71	90	71
46	91	71
17	92	71
83	93	71
63	94	71
69	95	71
73	96	71
51	97	71
60	98	71
55	99	71
66	100	71
7	0	72
91	1	72
99	2	72
80	3	72
93	4	72
73	5	72
69	6	72
64	7	72
66	8	72
66	9	72
45	10	72
44	11	72
11	12	72
39	13	72
53	14	72
31	15	72
21	16	72
15	17	72
13	18	72
38	19	72
53	20	72
45	21	72
97	22	72
33	23	72
34	24	72
25	25	72
24	26	72
26	27	72
34	28	72
23	29	72
48	30	72
58	31	72
87	32	72
3	33	72
81	34	72
47	35	72
40	36	72
57	37	72
89	38	72
75	39	72
62	40	72
67	41	72
29	42	72
1	43	72
14	44	72
11	45	72
53	46	72
29	47	72
5	48	72
48	49	72
49	50	72
48	51	72
81	52	72
60	53	72
41	54	72
55	55	72
93	56	72
65	57	72
51	58	72
67	59	72
69	60	72
64	61	72
49	62	72
49	63	72
48	64	72
41	65	72
23	66	72
7	67	72
49	68	72
39	69	72
13	70	72
43	71	72
53	72	72
37	73	72
77	74	72
67	75	72
61	76	72
65	77	72
66	78	72
64	79	72
49	80	72
59	81	72
63	82	72
75	83	72
61	84	72
47	85	72
41	86	72
71	87	72
66	88	72
19	89	72
53	90	72
47	91	72
33	92	72
21	93	72
43	94	72
47	95	72
17	96	72
9	97	72
53	98	72
97	99	72
75	100	72
39	0	73
45	1	73
58	2	73
68	3	73
77	4	73
95	5	73
61	6	73
43	7	73
71	8	73
89	9	73
1	10	73
97	11	73
65	12	73
66	13	73
95	14	73
29	15	73
37	16	73
7	17	73
13	18	73
37	19	73
81	20	73
59	21	73
93	22	73
31	23	73
50	24	73
43	25	73
17	26	73
19	27	73
51	28	73
1	29	73
44	30	73
51	31	73
79	32	73
15	33	73
37	34	73
27	35	73
25	36	73
91	37	73
35	38	73
65	39	73
45	40	73
97	41	73
33	42	73
22	43	73
17	44	73
55	45	73
55	46	73
35	47	73
25	48	73
57	49	73
54	50	73
40	51	73
55	52	73
79	53	73
15	54	73
43	55	73
51	56	73
54	57	73
52	58	73
59	59	73
77	60	73
83	61	73
71	62	73
65	63	73
59	64	73
49	65	73
17	66	73
37	67	73
51	68	73
37	69	73
34	70	73
48	71	73
71	72	73
47	73	73
49	74	73
67	75	73
67	76	73
65	77	73
61	78	73
52	79	73
36	80	73
1	81	73
93	82	73
93	83	73
63	84	73
59	85	73
55	86	73
75	87	73
99	88	73
99	89	73
75	90	73
55	91	73
48	92	73
33	93	73
40	94	73
61	95	73
31	96	73
29	97	73
46	98	73
67	99	73
63	100	73
53	0	74
53	1	74
21	2	74
57	3	74
53	4	74
51	5	74
39	6	74
56	7	74
87	8	74
31	9	74
26	10	74
55	11	74
87	12	74
67	13	74
53	14	74
44	15	74
54	16	74
99	17	74
73	18	74
58	19	74
51	20	74
17	21	74
37	22	74
95	23	74
93	24	74
81	25	74
47	26	74
37	27	74
44	28	74
43	29	74
79	30	74
71	31	74
61	32	74
42	33	74
46	34	74
54	35	74
79	36	74
35	37	74
40	38	74
48	39	74
46	40	74
50	41	74
13	42	74
37	43	74
29	44	74
47	45	74
35	46	74
31	47	74
40	48	74
66	49	74
71	50	74
5	51	74
23	52	74
77	53	74
73	54	74
51	55	74
43	56	74
47	57	74
44	58	74
42	59	74
37	60	74
1	61	74
89	62	74
79	63	74
74	64	74
99	65	74
53	66	74
41	67	74
81	68	74
23	69	74
39	70	74
44	71	74
46	72	74
33	73	74
7	74	74
87	75	74
3	76	74
69	77	74
61	78	74
47	79	74
42	80	74
37	81	74
57	82	74
76	83	74
76	84	74
73	85	74
47	86	74
75	87	74
73	88	74
65	89	74
49	90	74
53	91	74
71	92	74
67	93	74
25	94	74
29	95	74
17	96	74
29	97	74
36	98	74
29	99	74
46	100	74
68	0	75
93	1	75
57	2	75
48	3	75
15	4	75
17	5	75
47	6	75
58	7	75
71	8	75
85	9	75
17	10	75
11	11	75
59	12	75
63	13	75
25	14	75
41	15	75
36	16	75
43	17	75
97	18	75
70	19	75
51	20	75
55	21	75
43	22	75
15	23	75
73	24	75
43	25	75
44	26	75
42	27	75
46	28	75
49	29	75
56	30	75
47	31	75
53	32	75
47	33	75
53	34	75
64	35	75
71	36	75
51	37	75
44	38	75
41	39	75
42	40	75
45	41	75
44	42	75
87	43	75
63	44	75
71	45	75
93	46	75
7	47	75
41	48	75
97	49	75
76	50	75
73	51	75
41	52	75
37	53	75
77	54	75
47	55	75
25	56	75
49	57	75
35	58	75
27	59	75
28	60	75
24	61	75
59	62	75
91	63	75
60	64	75
69	65	75
57	66	75
23	67	75
25	68	75
73	69	75
55	70	75
43	71	75
35	72	75
35	73	75
37	74	75
25	75	75
39	76	75
62	77	75
67	78	75
35	79	75
49	80	75
47	81	75
50	82	75
79	83	75
93	84	75
59	85	75
47	86	75
59	87	75
63	88	75
31	89	75
46	90	75
31	91	75
17	92	75
39	93	75
32	94	75
29	95	75
28	96	75
36	97	75
41	98	75
43	99	75
48	100	75
60	0	76
68	1	76
67	2	76
63	3	76
49	4	76
41	5	76
61	6	76
60	7	76
54	8	76
43	9	76
33	10	76
45	11	76
67	12	76
47	13	76
46	14	76
59	15	76
7	16	76
42	17	76
74	18	76
76	19	76
81	20	76
41	21	76
66	22	76
93	23	76
66	24	76
31	25	76
46	26	76
43	27	76
49	28	76
51	29	76
51	30	76
37	31	76
7	32	76
40	33	76
55	34	76
79	35	76
91	36	76
53	37	76
45	38	76
39	39	76
38	40	76
43	41	76
31	42	76
68	43	76
67	44	76
81	45	76
63	46	76
27	47	76
35	48	76
47	49	76
63	50	76
17	51	76
33	52	76
31	53	76
43	54	76
34	55	76
5	56	76
89	57	76
21	58	76
3	59	76
26	60	76
7	61	76
33	62	76
37	63	76
9	64	76
19	65	76
37	66	76
79	67	76
91	68	76
43	69	76
67	70	76
40	71	76
19	72	76
34	73	76
83	74	76
95	75	76
68	76	76
75	77	76
72	78	76
65	79	76
67	80	76
55	81	76
19	82	76
45	83	76
19	84	76
25	85	76
23	86	76
53	87	76
91	88	76
17	89	76
73	90	76
56	91	76
59	92	76
41	93	76
37	94	76
27	95	76
33	96	76
46	97	76
47	98	76
55	99	76
55	100	76
43	0	77
53	1	77
79	2	77
91	3	77
76	4	77
71	5	77
97	6	77
67	7	77
43	8	77
1	9	77
27	10	77
47	11	77
59	12	77
55	13	77
54	14	77
36	15	77
28	16	77
45	17	77
83	18	77
80	19	77
95	20	77
64	21	77
87	22	77
73	23	77
69	24	77
65	25	77
67	26	77
35	27	77
9	28	77
55	29	77
61	30	77
81	31	77
47	32	77
52	33	77
63	34	77
74	35	77
71	36	77
27	37	77
36	38	77
35	39	77
27	40	77
57	41	77
68	42	77
89	43	77
56	44	77
63	45	77
31	46	77
3	47	77
5	48	77
32	49	77
39	50	77
83	51	77
45	52	77
11	53	77
31	54	77
42	55	77
97	56	77
5	57	77
30	58	77
15	59	77
69	60	77
19	61	77
30	62	77
15	63	77
37	64	77
45	65	77
50	66	77
61	67	77
33	68	77
46	69	77
39	70	77
32	71	77
22	72	77
1	73	77
57	74	77
39	75	77
65	76	77
97	77	77
83	78	77
61	79	77
33	80	77
56	81	77
73	82	77
64	83	77
62	84	77
77	85	77
56	86	77
58	87	77
67	88	77
63	89	77
64	90	77
64	91	77
44	92	77
7	93	77
13	94	77
7	95	77
36	96	77
67	97	77
49	98	77
63	99	77
62	100	77
41	0	78
23	1	78
59	2	78
74	3	78
95	4	78
70	5	78
55	6	78
43	7	78
53	8	78
40	9	78
58	10	78
99	11	78
69	12	78
79	13	78
81	14	78
5	15	78
26	16	78
27	17	78
62	18	78
67	19	78
62	20	78
33	21	78
5	22	78
69	23	78
69	24	78
11	25	78
55	26	78
21	27	78
29	28	78
44	29	78
41	30	78
35	31	78
48	32	78
59	33	78
70	34	78
84	35	78
93	36	78
50	37	78
39	38	78
37	39	78
62	40	78
93	41	78
97	42	78
81	43	78
7	44	78
85	45	78
48	46	78
25	47	78
25	48	78
39	49	78
46	50	78
61	51	78
53	52	78
46	53	78
29	54	78
7	55	78
17	56	78
40	57	78
81	58	78
49	59	78
23	60	78
33	61	78
55	62	78
3	63	78
79	64	78
52	65	78
57	66	78
83	67	78
79	68	78
71	69	78
11	70	78
26	71	78
37	72	78
61	73	78
49	74	78
15	75	78
55	76	78
69	77	78
61	78	78
66	79	78
63	80	78
63	81	78
95	82	78
79	83	78
89	84	78
72	85	78
67	86	78
58	87	78
56	88	78
52	89	78
56	90	78
93	91	78
48	92	78
20	93	78
22	94	78
30	95	78
37	96	78
93	97	78
67	98	78
87	99	78
68	100	78
38	0	79
41	1	79
62	2	79
53	3	79
97	4	79
61	5	79
39	6	79
7	7	79
45	8	79
49	9	79
68	10	79
93	11	79
39	12	79
65	13	79
47	14	79
27	15	79
45	16	79
75	17	79
73	18	79
64	19	79
53	20	79
56	21	79
81	22	79
56	23	79
36	24	79
17	25	79
83	26	79
41	27	79
45	28	79
51	29	79
44	30	79
43	31	79
53	32	79
64	33	79
76	34	79
99	35	79
73	36	79
41	37	79
35	38	79
53	39	79
91	40	79
59	41	79
64	42	79
51	43	79
21	44	79
99	45	79
53	46	79
43	47	79
41	48	79
53	49	79
47	50	79
61	51	79
61	52	79
93	53	79
33	54	79
45	55	79
83	56	79
59	57	79
75	58	79
79	59	79
47	60	79
37	61	79
37	62	79
24	63	79
44	64	79
27	65	79
43	66	79
65	67	79
52	68	79
21	69	79
7	70	79
26	71	79
40	72	79
61	73	79
63	74	79
93	75	79
71	76	79
66	77	79
63	78	79
79	79	79
58	80	79
39	81	79
11	82	79
56	83	79
62	84	79
57	85	79
65	86	79
53	87	79
45	88	79
36	89	79
15	90	79
47	91	79
34	92	79
3	93	79
25	94	79
55	95	79
99	96	79
76	97	79
39	98	79
56	99	79
56	100	79
31	0	80
43	1	80
97	2	80
65	3	80
61	4	80
40	5	80
34	6	80
17	7	80
36	8	80
43	9	80
73	10	80
75	11	80
95	12	80
95	13	80
15	14	80
13	15	80
52	16	80
74	17	80
93	18	80
63	19	80
44	20	80
60	21	80
59	22	80
41	23	80
5	24	80
83	25	80
29	26	80
44	27	80
61	28	80
41	29	80
43	30	80
49	31	80
59	32	80
69	33	80
71	34	80
75	35	80
62	36	80
40	37	80
9	38	80
35	39	80
47	40	80
47	41	80
51	42	80
40	43	80
40	44	80
31	45	80
29	46	80
46	47	80
43	48	80
87	49	80
27	50	80
33	51	80
37	52	80
13	53	80
22	54	80
42	55	80
63	56	80
55	57	80
3	58	80
31	59	80
50	60	80
45	61	80
33	62	80
13	63	80
46	64	80
35	65	80
25	66	80
25	67	80
44	68	80
39	69	80
27	70	80
31	71	80
35	72	80
47	73	80
49	74	80
67	75	80
63	76	80
61	77	80
48	78	80
55	79	80
53	80	80
44	81	80
44	82	80
73	83	80
47	84	80
31	85	80
58	86	80
45	87	80
37	88	80
31	89	80
11	90	80
46	91	80
41	92	80
27	93	80
21	94	80
67	95	80
91	96	80
76	97	80
53	98	80
44	99	80
43	100	80
12	0	81
3	1	81
25	2	81
52	3	81
43	4	81
3	5	81
39	6	81
81	7	81
38	8	81
17	9	81
95	10	81
39	11	81
54	12	81
29	13	81
77	14	81
47	15	81
79	16	81
76	17	81
79	18	81
52	19	81
3	20	81
79	21	81
57	22	81
46	23	81
47	24	81
83	25	81
25	26	81
47	27	81
25	28	81
11	29	81
37	30	81
56	31	81
57	32	81
69	33	81
67	34	81
59	35	81
58	36	81
51	37	81
57	38	81
31	39	81
95	40	81
39	41	81
30	42	81
19	43	81
69	44	81
71	45	81
56	46	81
69	47	81
1	48	81
55	49	81
87	50	81
9	51	81
43	52	81
39	53	81
3	54	81
37	55	81
51	56	81
45	57	81
41	58	81
33	59	81
77	60	81
61	61	81
38	62	81
23	63	81
95	64	81
43	65	81
54	66	81
49	67	81
61	68	81
46	69	81
33	70	81
35	71	81
25	72	81
47	73	81
19	74	81
63	75	81
55	76	81
69	77	81
11	78	81
43	79	81
41	80	81
41	81	81
50	82	81
69	83	81
23	84	81
13	85	81
93	86	81
31	87	81
29	88	81
41	89	81
44	90	81
87	91	81
55	92	81
45	93	81
53	94	81
60	95	81
75	96	81
87	97	81
41	98	81
25	99	81
30	100	81
3	0	82
1	1	82
7	2	82
75	3	82
56	4	82
48	5	82
39	6	82
11	7	82
19	8	82
39	9	82
57	10	82
45	11	82
55	12	82
63	13	82
91	14	82
21	15	82
57	16	82
74	17	82
99	18	82
63	19	82
49	20	82
37	21	82
43	22	82
41	23	82
53	24	82
52	25	82
29	26	82
1	27	82
18	28	82
19	29	82
40	30	82
81	31	82
45	32	82
85	33	82
53	34	82
39	35	82
61	36	82
71	37	82
47	38	82
65	39	82
63	40	82
38	41	82
11	42	82
28	43	82
83	44	82
91	45	82
55	46	82
65	47	82
38	48	82
31	49	82
46	50	82
38	51	82
87	52	82
41	53	82
75	54	82
54	55	82
61	56	82
87	57	82
85	58	82
54	59	82
55	60	82
83	61	82
37	62	82
7	63	82
59	64	82
61	65	82
99	66	82
57	67	82
62	68	82
51	69	82
73	70	82
51	71	82
39	72	82
45	73	82
53	74	82
67	75	82
25	76	82
79	77	82
58	78	82
66	79	82
93	80	82
31	81	82
47	82	82
54	83	82
48	84	82
50	85	82
51	86	82
3	87	82
9	88	82
30	89	82
38	90	82
53	91	82
49	92	82
45	93	82
47	94	82
45	95	82
65	96	82
46	97	82
1	98	82
7	99	82
21	100	82
91	0	83
3	1	83
35	2	83
66	3	83
59	4	83
93	5	83
61	6	83
53	7	83
52	8	83
56	9	83
51	10	83
81	11	83
61	12	83
52	13	83
55	14	83
29	15	83
54	16	83
64	17	83
59	18	83
53	19	83
44	20	83
37	21	83
39	22	83
23	23	83
73	24	83
44	25	83
39	26	83
40	27	83
29	28	83
7	29	83
22	30	83
21	31	83
34	32	83
29	33	83
7	34	83
89	35	83
76	36	83
87	37	83
67	38	83
61	39	83
54	40	83
39	41	83
30	42	83
1	43	83
60	44	83
58	45	83
9	46	83
99	47	83
56	48	83
75	49	83
31	50	83
11	51	83
45	52	83
27	53	83
25	54	83
42	55	83
51	56	83
49	57	83
7	58	83
45	59	83
9	60	83
87	61	83
23	62	83
39	63	83
49	64	83
44	65	83
3	66	83
21	67	83
79	68	83
93	69	83
71	70	83
57	71	83
47	72	83
42	73	83
45	74	83
41	75	83
81	76	83
83	77	83
77	78	83
69	79	83
67	80	83
52	81	83
53	82	83
53	83	83
65	84	83
91	85	83
57	86	83
40	87	83
36	88	83
33	89	83
25	90	83
38	91	83
43	92	83
39	93	83
45	94	83
41	95	83
17	96	83
33	97	83
29	98	83
27	99	83
28	100	83
93	0	84
53	1	84
64	2	84
95	3	84
21	4	84
46	5	84
59	6	84
72	7	84
81	8	84
83	9	84
13	10	84
55	11	84
55	12	84
31	13	84
49	14	84
51	15	84
66	16	84
69	17	84
53	18	84
46	19	84
39	20	84
28	21	84
17	22	84
29	23	84
38	24	84
11	25	84
44	26	84
91	27	84
59	28	84
28	29	84
23	30	84
44	31	84
43	32	84
49	33	84
37	34	84
59	35	84
70	36	84
85	37	84
72	38	84
60	39	84
53	40	84
35	41	84
69	42	84
64	43	84
99	44	84
75	45	84
87	46	84
49	47	84
15	48	84
44	49	84
47	50	84
47	51	84
29	52	84
79	53	84
58	54	84
41	55	84
51	56	84
53	57	84
27	58	84
9	59	84
34	60	84
69	61	84
81	62	84
77	63	84
54	64	84
65	65	84
83	66	84
5	67	84
36	68	84
58	69	84
63	70	84
58	71	84
50	72	84
31	73	84
44	74	84
48	75	84
83	76	84
97	77	84
67	78	84
69	79	84
54	80	84
57	81	84
60	82	84
59	83	84
69	84	84
62	85	84
47	86	84
63	87	84
65	88	84
41	89	84
43	90	84
32	91	84
45	92	84
23	93	84
29	94	84
48	95	84
57	96	84
91	97	84
55	98	84
42	99	84
37	100	84
15	0	85
53	1	85
75	2	85
87	3	85
52	4	85
13	5	85
57	6	85
97	7	85
95	8	85
77	9	85
51	10	85
73	11	85
62	12	85
57	13	85
58	14	85
61	15	85
93	16	85
43	17	85
37	18	85
39	19	85
39	20	85
19	21	85
39	22	85
38	23	85
39	24	85
37	25	85
37	26	85
48	27	85
17	28	85
23	29	85
55	30	85
91	31	85
50	32	85
33	33	85
35	34	85
41	35	85
60	36	85
74	37	85
77	38	85
55	39	85
65	40	85
52	41	85
67	42	85
87	43	85
83	44	85
56	45	85
58	46	85
60	47	85
39	48	85
40	49	85
67	50	85
11	51	85
83	52	85
81	53	85
87	54	85
95	55	85
62	56	85
37	57	85
3	58	85
26	59	85
51	60	85
61	61	85
79	62	85
71	63	85
25	64	85
67	65	85
70	66	85
33	67	85
3	68	85
42	69	85
65	70	85
64	71	85
65	72	85
56	73	85
53	74	85
25	75	85
51	76	85
48	77	85
23	78	85
13	79	85
25	80	85
61	81	85
73	82	85
54	83	85
52	84	85
41	85	85
7	86	85
43	87	85
53	88	85
54	89	85
99	90	85
1	91	85
85	92	85
67	93	85
3	94	85
67	95	85
74	96	85
80	97	85
61	98	85
48	99	85
42	100	85
33	0	86
71	1	86
97	2	86
84	3	86
87	4	86
63	5	86
59	6	86
31	7	86
57	8	86
61	9	86
43	10	86
56	11	86
66	12	86
89	13	86
65	14	86
57	15	86
53	16	86
15	17	86
15	18	86
35	19	86
59	20	86
31	21	86
31	22	86
45	23	86
43	24	86
63	25	86
19	26	86
49	27	86
44	28	86
51	29	86
85	30	86
55	31	86
36	32	86
7	33	86
31	34	86
47	35	86
55	36	86
77	37	86
77	38	86
93	39	86
95	40	86
41	41	86
3	42	86
45	43	86
44	44	86
9	45	86
31	46	86
95	47	86
51	48	86
13	49	86
39	50	86
25	51	86
81	52	86
77	53	86
72	54	86
57	55	86
65	56	86
33	57	86
28	58	86
42	59	86
43	60	86
47	61	86
43	62	86
5	63	86
27	64	86
50	65	86
99	66	86
53	67	86
35	68	86
42	69	86
64	70	86
68	71	86
77	72	86
76	73	86
89	74	86
83	75	86
50	76	86
21	77	86
26	78	86
27	79	86
31	80	86
36	81	86
15	82	86
35	83	86
43	84	86
59	85	86
47	86	86
50	87	86
51	88	86
23	89	86
43	90	86
11	91	86
49	92	86
53	93	86
49	94	86
47	95	86
93	96	86
97	97	86
75	98	86
48	99	86
42	100	86
9	0	87
51	1	87
56	2	87
66	3	87
87	4	87
95	5	87
87	6	87
44	7	87
44	8	87
43	9	87
40	10	87
44	11	87
57	12	87
64	13	87
57	14	87
51	15	87
47	16	87
47	17	87
27	18	87
28	19	87
13	20	87
16	21	87
11	22	87
85	23	87
41	24	87
55	25	87
57	26	87
85	27	87
61	28	87
41	29	87
89	30	87
56	31	87
33	32	87
3	33	87
35	34	87
63	35	87
37	36	87
63	37	87
47	38	87
73	39	87
71	40	87
15	41	87
28	42	87
47	43	87
39	44	87
43	45	87
89	46	87
5	47	87
59	48	87
50	49	87
54	50	87
36	51	87
1	52	87
91	53	87
69	54	87
23	55	87
31	56	87
1	57	87
35	58	87
73	59	87
73	60	87
46	61	87
43	62	87
37	63	87
29	64	87
9	65	87
31	66	87
46	67	87
41	68	87
29	69	87
81	70	87
69	71	87
99	72	87
83	73	87
45	74	87
63	75	87
48	76	87
33	77	87
33	78	87
38	79	87
42	80	87
37	81	87
25	82	87
41	83	87
27	84	87
43	85	87
73	86	87
59	87	87
33	88	87
1	89	87
42	90	87
47	91	87
49	92	87
49	93	87
39	94	87
69	95	87
29	96	87
77	97	87
95	98	87
29	99	87
36	100	87
11	0	88
71	1	88
11	2	88
39	3	88
49	4	88
45	5	88
45	6	88
17	7	88
31	8	88
29	9	88
30	10	88
23	11	88
55	12	88
52	13	88
48	14	88
43	15	88
37	16	88
35	17	88
19	18	88
39	19	88
22	20	88
11	21	88
21	22	88
49	23	88
48	24	88
59	25	88
71	26	88
73	27	88
73	28	88
75	29	88
69	30	88
48	31	88
37	32	88
43	33	88
46	34	88
53	35	88
5	36	88
56	37	88
91	38	88
81	39	88
59	40	88
32	41	88
50	42	88
75	43	88
62	44	88
83	45	88
81	46	88
38	47	88
54	48	88
74	49	88
93	50	88
64	51	88
53	52	88
80	53	88
93	54	88
61	55	88
36	56	88
25	57	88
40	58	88
52	59	88
29	60	88
21	61	88
46	62	88
71	63	88
45	64	88
45	65	88
85	66	88
62	67	88
54	68	88
49	69	88
51	70	88
81	71	88
81	72	88
66	73	88
48	74	88
79	75	88
46	76	88
30	77	88
37	78	88
50	79	88
63	80	88
45	81	88
44	82	88
57	83	88
59	84	88
85	85	88
25	86	88
81	87	88
23	88	88
85	89	88
76	90	88
87	91	88
52	92	88
55	93	88
55	94	88
67	95	88
83	96	88
3	97	88
44	98	88
38	99	88
37	100	88
32	0	89
39	1	89
13	2	89
31	3	89
31	4	89
11	5	89
31	6	89
35	7	89
36	8	89
13	9	89
28	10	89
28	11	89
39	12	89
42	13	89
41	14	89
37	15	89
23	16	89
39	17	89
42	18	89
59	19	89
27	20	89
17	21	89
15	22	89
41	23	89
44	24	89
63	25	89
95	26	89
65	27	89
85	28	89
67	29	89
60	30	89
33	31	89
21	32	89
87	33	89
52	34	89
64	35	89
54	36	89
67	37	89
31	38	89
46	39	89
53	40	89
5	41	89
67	42	89
9	43	89
54	44	89
57	45	89
21	46	89
15	47	89
45	48	89
99	49	89
51	50	89
73	51	89
69	52	89
83	53	89
87	54	89
93	55	89
27	56	89
25	57	89
47	58	89
67	59	89
54	60	89
65	61	89
50	62	89
46	63	89
17	64	89
41	65	89
60	66	89
62	67	89
63	68	89
64	69	89
89	70	89
74	71	89
79	72	89
51	73	89
5	74	89
39	75	89
29	76	89
5	77	89
35	78	89
63	79	89
49	80	89
36	81	89
50	82	89
85	83	89
68	84	89
55	85	89
19	86	89
47	87	89
73	88	89
77	89	89
93	90	89
73	91	89
19	92	89
63	93	89
60	94	89
62	95	89
71	96	89
38	97	89
43	98	89
41	99	89
40	100	89
46	0	90
43	1	90
85	2	90
54	3	90
49	4	90
36	5	90
43	6	90
56	7	90
65	8	90
69	9	90
41	10	90
21	11	90
33	12	90
38	13	90
43	14	90
44	15	90
44	16	90
56	17	90
53	18	90
42	19	90
11	20	90
17	21	90
34	22	90
36	23	90
27	24	90
46	25	90
48	26	90
15	27	90
63	28	90
17	29	90
73	30	90
48	31	90
13	32	90
29	33	90
11	34	90
99	35	90
80	36	90
95	37	90
75	38	90
21	39	90
24	40	90
23	41	90
85	42	90
63	43	90
89	44	90
71	45	90
53	46	90
35	47	90
39	48	90
59	49	90
43	50	90
47	51	90
69	52	90
97	53	90
78	54	90
65	55	90
33	56	90
1	57	90
97	58	90
11	59	90
57	60	90
51	61	90
43	62	90
47	63	90
33	64	90
42	65	90
54	66	90
62	67	90
73	68	90
57	69	90
41	70	90
49	71	90
73	72	90
56	73	90
41	74	90
44	75	90
25	76	90
21	77	90
35	78	90
55	79	90
34	80	90
1	81	90
34	82	90
45	83	90
73	84	90
50	85	90
25	86	90
15	87	90
51	88	90
58	89	90
85	90	90
93	91	90
46	92	90
63	93	90
63	94	90
49	95	90
41	96	90
37	97	90
47	98	90
44	99	90
42	100	90
63	0	91
44	1	91
46	2	91
52	3	91
77	4	91
41	5	91
49	6	91
81	7	91
69	8	91
61	9	91
47	10	91
36	11	91
36	12	91
33	13	91
51	14	91
50	15	91
56	16	91
87	17	91
73	18	91
45	19	91
15	20	91
37	21	91
71	22	91
41	23	91
30	24	91
47	25	91
39	26	91
9	27	91
45	28	91
17	29	91
97	30	91
73	31	91
91	32	91
66	33	91
91	34	91
83	35	91
73	36	91
61	37	91
66	38	91
79	39	91
1	40	91
43	41	91
66	42	91
71	43	91
77	44	91
75	45	91
87	46	91
44	47	91
52	48	91
58	49	91
36	50	91
3	51	91
63	52	91
68	53	91
65	54	91
56	55	91
40	56	91
31	57	91
49	58	91
29	59	91
43	60	91
39	61	91
26	62	91
13	63	91
28	64	91
39	65	91
51	66	91
59	67	91
64	68	91
50	69	91
17	70	91
40	71	91
55	72	91
61	73	91
57	74	91
71	75	91
7	76	91
19	77	91
30	78	91
40	79	91
34	80	91
25	81	91
41	82	91
54	83	91
60	84	91
47	85	91
25	86	91
20	87	91
13	88	91
21	89	91
99	90	91
53	91	91
11	92	91
42	93	91
35	94	91
61	95	91
7	96	91
71	97	91
67	98	91
46	99	91
43	100	91
75	0	92
27	1	92
5	2	92
32	3	92
40	4	92
5	5	92
46	6	92
69	7	92
69	8	92
61	9	92
49	10	92
40	11	92
43	12	92
7	13	92
69	14	92
49	15	92
43	16	92
97	17	92
69	18	92
58	19	92
77	20	92
47	21	92
41	22	92
29	23	92
7	24	92
45	25	92
52	26	92
79	27	92
59	28	92
57	29	92
69	30	92
58	31	92
43	32	92
53	33	92
67	34	92
71	35	92
69	36	92
64	37	92
49	38	92
65	39	92
9	40	92
61	41	92
68	42	92
77	43	92
73	44	92
65	45	92
40	46	92
3	47	92
69	48	92
85	49	92
42	50	92
9	51	92
29	52	92
50	53	92
55	54	92
57	55	92
38	56	92
36	57	92
41	58	92
43	59	92
29	60	92
25	61	92
9	62	92
35	63	92
26	64	92
36	65	92
54	66	92
87	67	92
76	68	92
63	69	92
61	70	92
41	71	92
47	72	92
77	73	92
57	74	92
49	75	92
7	76	92
19	77	92
27	78	92
41	79	92
35	80	92
25	81	92
50	82	92
73	83	92
65	84	92
55	85	92
7	86	92
29	87	92
67	88	92
42	89	92
51	90	92
11	91	92
91	92	92
62	93	92
63	94	92
62	95	92
51	96	92
59	97	92
55	98	92
31	99	92
41	100	92
62	0	93
41	1	93
31	2	93
33	3	93
46	4	93
65	5	93
61	6	93
51	7	93
79	8	93
71	9	93
49	10	93
33	11	93
5	12	93
57	13	93
27	14	93
51	15	93
48	16	93
35	17	93
49	18	93
41	19	93
19	20	93
35	21	93
19	22	93
44	23	93
49	24	93
49	25	93
46	26	93
41	27	93
65	28	93
83	29	93
63	30	93
49	31	93
41	32	93
39	33	93
67	34	93
66	35	93
68	36	93
77	37	93
49	38	93
99	39	93
93	40	93
55	41	93
68	42	93
95	43	93
76	44	93
65	45	93
5	46	93
29	47	93
79	48	93
61	49	93
39	50	93
15	51	93
33	52	93
47	53	93
51	54	93
43	55	93
21	56	93
33	57	93
36	58	93
42	59	93
5	60	93
25	61	93
44	62	93
95	63	93
7	64	93
25	65	93
42	66	93
63	67	93
89	68	93
66	69	93
89	70	93
17	71	93
35	72	93
71	73	93
47	74	93
63	75	93
21	76	93
23	77	93
19	78	93
19	79	93
43	80	93
25	81	93
61	82	93
67	83	93
73	84	93
57	85	93
33	86	93
23	87	93
47	88	93
32	89	93
28	90	93
27	91	93
44	92	93
54	93	93
93	94	93
73	95	93
56	96	93
62	97	93
67	98	93
54	99	93
51	100	93
70	0	94
57	1	94
45	2	94
27	3	94
47	4	94
93	5	94
29	6	94
55	7	94
71	8	94
61	9	94
37	10	94
40	11	94
61	12	94
64	13	94
55	14	94
79	15	94
64	16	94
60	17	94
52	18	94
67	19	94
87	20	94
54	21	94
49	22	94
81	23	94
99	24	94
59	25	94
44	26	94
11	27	94
77	28	94
62	29	94
52	30	94
34	31	94
35	32	94
25	33	94
51	34	94
59	35	94
60	36	94
47	37	94
5	38	94
39	39	94
19	40	94
35	41	94
57	42	94
77	43	94
71	44	94
59	45	94
34	46	94
32	47	94
43	48	94
43	49	94
39	50	94
37	51	94
44	52	94
54	53	94
59	54	94
44	55	94
42	56	94
39	57	94
27	58	94
87	59	94
5	60	94
26	61	94
48	62	94
91	63	94
32	64	94
15	65	94
27	66	94
35	67	94
45	68	94
25	69	94
99	70	94
23	71	94
5	72	94
38	73	94
39	74	94
91	75	94
47	76	94
35	77	94
9	78	94
41	79	94
91	80	94
56	81	94
67	82	94
63	83	94
72	84	94
68	85	94
45	86	94
44	87	94
69	88	94
9	89	94
5	90	94
24	91	94
7	92	94
17	93	94
75	94	94
1	95	94
41	96	94
65	97	94
99	98	94
67	99	94
58	100	94
91	0	95
72	1	95
73	2	95
40	3	95
15	4	95
91	5	95
64	6	95
70	7	95
91	8	95
65	9	95
25	10	95
29	11	95
53	12	95
83	13	95
52	14	95
61	15	95
69	16	95
91	17	95
31	18	95
89	19	95
69	20	95
46	21	95
42	22	95
43	23	95
19	24	95
47	25	95
59	26	95
87	27	95
67	28	95
37	29	95
49	30	95
1	31	95
35	32	95
53	33	95
54	34	95
59	35	95
66	36	95
49	37	95
35	38	95
36	39	95
11	40	95
11	41	95
13	42	95
3	43	95
43	44	95
69	45	95
39	46	95
23	47	95
21	48	95
28	49	95
39	50	95
49	51	95
53	52	95
66	53	95
87	54	95
33	55	95
65	56	95
57	57	95
38	58	95
40	59	95
26	60	95
27	61	95
32	62	95
53	63	95
15	64	95
20	65	95
18	66	95
1	67	95
32	68	95
37	69	95
45	70	95
1	71	95
43	72	95
38	73	95
44	74	95
57	75	95
42	76	95
63	77	95
48	78	95
47	79	95
48	80	95
43	81	95
39	82	95
9	83	95
87	84	95
99	85	95
57	86	95
41	87	95
58	88	95
53	89	95
93	90	95
57	91	95
51	92	95
15	93	95
93	94	95
52	95	95
63	96	95
68	97	95
87	98	95
59	99	95
55	100	95
77	0	96
70	1	96
50	2	96
45	3	96
41	4	96
49	5	96
66	6	96
71	7	96
31	8	96
29	9	96
31	10	96
1	11	96
39	12	96
47	13	96
11	14	96
45	15	96
59	16	96
57	17	96
65	18	96
75	19	96
57	20	96
21	21	96
30	22	96
31	23	96
43	24	96
53	25	96
59	26	96
27	27	96
69	28	96
55	29	96
13	30	96
31	31	96
54	32	96
73	33	96
55	34	96
59	35	96
99	36	96
62	37	96
53	38	96
60	39	96
93	40	96
95	41	96
41	42	96
26	43	96
29	44	96
34	45	96
33	46	96
3	47	96
3	48	96
11	49	96
39	50	96
47	51	96
53	52	96
71	53	96
1	54	96
21	55	96
30	56	96
36	57	96
29	58	96
11	59	96
31	60	96
25	61	96
1	62	96
32	63	96
37	64	96
31	65	96
25	66	96
51	67	96
45	68	96
49	69	96
46	70	96
39	71	96
31	72	96
27	73	96
44	74	96
61	75	96
1	76	96
97	77	96
73	78	96
51	79	96
11	80	96
31	81	96
37	82	96
57	83	96
55	84	96
66	85	96
45	86	96
5	87	96
71	88	96
52	89	96
33	90	96
41	91	96
43	92	96
41	93	96
39	94	96
52	95	96
93	96	96
58	97	96
56	98	96
25	99	96
49	100	96
70	0	97
81	1	97
11	2	97
51	3	97
57	4	97
66	5	97
81	6	97
76	7	97
57	8	97
39	9	97
71	10	97
45	11	97
58	12	97
89	13	97
99	14	97
51	15	97
65	16	97
53	17	97
21	18	97
89	19	97
13	20	97
27	21	97
28	22	97
9	23	97
39	24	97
63	25	97
97	26	97
63	27	97
68	28	97
45	29	97
40	30	97
57	31	97
77	32	97
70	33	97
60	34	97
54	35	97
35	36	97
48	37	97
47	38	97
58	39	97
54	40	97
23	41	97
31	42	97
31	43	97
11	44	97
5	45	97
23	46	97
26	47	97
41	48	97
87	49	97
59	50	97
49	51	97
40	52	97
32	53	97
11	54	97
20	55	97
1	56	97
27	57	97
33	58	97
35	59	97
63	60	97
41	61	97
32	62	97
39	63	97
71	64	97
43	65	97
37	66	97
41	67	97
49	68	97
69	69	97
50	70	97
36	71	97
15	72	97
26	73	97
45	74	97
52	75	97
63	76	97
72	77	97
97	78	97
64	79	97
43	80	97
33	81	97
21	82	97
57	83	97
67	84	97
65	85	97
54	86	97
40	87	97
45	88	97
51	89	97
50	90	97
33	91	97
39	92	97
35	93	97
31	94	97
25	95	97
43	96	97
17	97	97
54	98	97
97	99	97
69	100	97
54	0	98
51	1	98
46	2	98
71	3	98
71	4	98
77	5	98
82	6	98
95	7	98
85	8	98
21	9	98
37	10	98
53	11	98
58	12	98
70	13	98
68	14	98
68	15	98
97	16	98
71	17	98
61	18	98
81	19	98
79	20	98
47	21	98
46	22	98
65	23	98
41	24	98
49	25	98
43	26	98
51	27	98
95	28	98
19	29	98
45	30	98
51	31	98
55	32	98
69	33	98
63	34	98
65	35	98
54	36	98
49	37	98
29	38	98
71	39	98
43	40	98
27	41	98
30	42	98
23	43	98
34	44	98
75	45	98
29	46	98
37	47	98
43	48	98
49	49	98
42	50	98
35	51	98
29	52	98
7	53	98
17	54	98
49	55	98
81	56	98
39	57	98
30	58	98
35	59	98
46	60	98
46	61	98
50	62	98
65	63	98
61	64	98
35	65	98
39	66	98
3	67	98
42	68	98
55	69	98
50	70	98
42	71	98
28	72	98
19	73	98
35	74	98
41	75	98
42	76	98
34	77	98
9	78	98
65	79	98
53	80	98
40	81	98
36	82	98
83	83	98
91	84	98
75	85	98
65	86	98
59	87	98
55	88	98
58	89	98
83	90	98
13	91	98
22	92	98
31	93	98
37	94	98
37	95	98
40	96	98
36	97	98
47	98	98
62	99	98
61	100	98
39	0	99
25	1	99
53	2	99
87	3	99
78	4	99
79	5	99
75	6	99
68	7	99
39	8	99
77	9	99
5	10	99
37	11	99
52	12	99
65	13	99
35	14	99
58	15	99
73	16	99
71	17	99
73	18	99
97	19	99
15	20	99
37	21	99
46	22	99
53	23	99
71	24	99
49	25	99
29	26	99
7	27	99
81	28	99
34	29	99
1	30	99
49	31	99
25	32	99
89	33	99
58	34	99
27	35	99
67	36	99
47	37	99
29	38	99
11	39	99
22	40	99
13	41	99
41	42	99
5	43	99
28	44	99
45	45	99
41	46	99
53	47	99
5	48	99
27	49	99
27	50	99
21	51	99
32	52	99
49	53	99
31	54	99
27	55	99
5	56	99
19	57	99
15	58	99
30	59	99
40	60	99
47	61	99
56	62	99
73	63	99
75	64	99
65	65	99
83	66	99
83	67	99
61	68	99
57	69	99
53	70	99
53	71	99
39	72	99
32	73	99
37	74	99
36	75	99
31	76	99
15	77	99
51	78	99
58	79	99
67	80	99
36	81	99
1	82	99
50	83	99
70	84	99
79	85	99
72	86	99
75	87	99
57	88	99
44	89	99
21	90	99
14	91	99
5	92	99
32	93	99
61	94	99
49	95	99
44	96	99
42	97	99
44	98	99
45	99	99
51	100	99
39	0	100
40	1	100
55	2	100
72	3	100
75	4	100
75	5	100
71	6	100
63	7	100
52	8	100
54	9	100
32	10	100
39	11	100
48	12	100
54	13	100
49	14	100
58	15	100
67	16	100
69	17	100
70	18	100
70	19	100
42	20	100
42	21	100
46	22	100
52	23	100
56	24	100
47	25	100
35	26	100
30	27	100
49	28	100
36	29	100
25	30	100
38	31	100
41	32	100
61	33	100
55	34	100
44	35	100
51	36	100
43	37	100
31	38	100
21	39	100
21	40	100
20	41	100
27	42	100
20	43	100
28	44	100
37	45	100
39	46	100
38	47	100
22	48	100
25	49	100
26	50	100
26	51	100
32	52	100
37	53	100
31	54	100
25	55	100
16	56	100
19	57	100
21	58	100
29	59	100
38	60	100
46	61	100
56	62	100
66	63	100
70	64	100
70	65	100
76	66	100
74	67	100
64	68	100
58	69	100
53	70	100
49	71	100
41	72	100
36	73	100
36	74	100
34	75	100
32	76	100
30	77	100
44	78	100
52	79	100
52	80	100
39	81	100
29	82	100
47	83	100
63	84	100
70	85	100
69	86	100
66	87	100
55	88	100
42	89	100
28	90	100
20	91	100
19	92	100
33	93	100
46	94	100
46	95	100
44	96	100
43	97	100
44	98	100
46	99	100
48	100	100