81 59 14 55 94 09 66 17 68 16 44 88 66 54 74 18 15 19 96 77 08 87 86 05 98 72 50 50 51 10 16 82 67 97 15 48 14 19 08 98 57 97 55 00 85 87 68 05 80 82 99 44 17 41 28 94 73 08 57 21 58 16 65 58 00 61 20 69 39 25 
03 95 10 98 19 11 31 86 20 11 03 44 70 69 11 71 65 26 68 20 75 06 62 87 39 40 31 97 00 23 67 99 66 54 78 04 34 18 22 17 63 86 87 45 17 13 46 96 47 29 95 94 00 18 50 97 32 23 59 78 80 33 85 97 44 04 78 15 90 07 
37 47 03 51 57 88 19 17 69 25 94 34 50 71 27 72 99 48 04 81 71 10 58 43 37 30 00 90 01 13 35 30 06 40 91 48 90 48 60 61 77 14 54 33 84 45 83 14 69 71 05 29 11 08 35 26 88 60 14 27 87 29 16 55 90 63 28 10 79 79 
82 50 87 42 03 56 56 25 59 91 46 86 20 29 08 05 18 97 04 65 59 29 34 33 73 48 98 98 43 21 17 72 35 90 89 54 41 69 05 78 69 63 01 22 80 01 08 86 47 84 44 30 05 13 19 52 15 54 69 54 58 58 81 38 74 74 50 29 40 53 
63 49 91 26 95 96 28 12 53 71 40 11 50 59 76 86 67 21 71 36 39 87 99 50 19 11 82 63 48 06 51 78 46 93 20 94 38 78 17 23 24 03 00 98 14 46 07 21 61 87 06 28 58 04 14 75 50 41 06 84 13 65 63 46 20 61 65 57 39 82 
47 88 04 47 12 35 87 01 36 73 03 60 01 61 99 22 20 42 79 44 44 97 72 32 09 58 40 54 77 53 80 50 82 79 39 18 24 11 91 78 88 48 05 33 81 52 64 02 47 97 40 23 78 94 37 49 16 71 37 53 95 33 23 82 92 52 78 22 21 81 
97 09 50 00 55 95 92 39 51 56 94 37 06 80 12 57 72 87 41 90 01 53 73 38 83 55 25 22 40 28 74 42 81 65 99 31 73 78 39 42 57 77 19 81 59 57 26 43 69 35 80 90 80 31 79 44 36 12 16 99 70 70 99 23 82 52 56 41 80 80 
84 94 48 99 32 24 33 92 78 25 29 82 52 04 48 84 61 50 85 55 95 60 61 39 72 87 78 96 98 07 01 84 62 89 51 85 42 81 98 55 11 43 33 91 69 87 17 94 75 97 90 06 55 25 85 23 33 08 27 45 46 37 93 71 24 45 19 63 53 62 
42 80 51 30 43 51 27 70 70 84 69 83 21 00 16 95 28 37 04 27 52 33 54 52 08 73 50 62 67 24 68 54 40 12 55 10 54 25 81 33 96 62 38 42 76 62 15 92 55 28 16 82 59 25 09 08 26 99 21 70 01 65 02 45 16 15 42 08 45 05 
40 03 55 70 31 90 94 11 76 45 57 58 06 38 08 85 95 15 03 46 84 55 03 11 32 30 59 93 26 60 20 07 47 49 88 12 27 88 93 19 14 14 23 76 12 42 58 64 36 30 20 27 05 98 21 85 00 44 38 01 30 01 85 15 25 50 10 57 49 96 
58 06 21 84 32 69 32 27 99 89 72 95 56 95 40 92 02 49 27 03 12 83 49 92 88 13 29 07 50 61 31 00 14 40 72 13 05 20 65 51 53 73 45 49 28 35 44 90 75 32 48 61 30 46 83 75 57 28 95 19 40 24 76 37 57 71 80 15 22 26 
87 81 83 75 49 39 37 00 64 53 68 38 32 18 12 69 70 68 57 97 55 76 25 46 11 28 96 07 91 57 54 28 67 48 45 67 78 54 97 44 37 57 64 41 51 01 91 57 24 87 00 12 58 25 70 10 56 37 64 20 42 30 08 06 98 39 71 83 73 45 
91 16 71 12 59 98 11 83 95 09 36 38 83 03 56 42 70 41 77 34 10 41 90 76 01 06 48 58 42 11 29 07 84 78 96 84 41 46 66 72 98 72 42 54 83 03 47 05 50 55 69 30 06 38 34 50 26 94 10 52 49 53 40 83 79 29 53 04 06 71 
01 23 75 05 35 38 99 35 92 97 59 43 07 86 42 99 01 45 44 46 58 46 35 13 22 45 32 58 75 54 49 43 98 78 54 45 55 00 03 96 50 90 02 12 93 06 45 53 41 80 27 07 60 60 12 55 88 62 83 90 06 40 60 37 48 16 45 29 32 96 
43 00 42 47 95 67 43 22 19 15 99 78 16 94 27 41 83 38 65 98 57 93 17 13 90 10 30 65 64 76 61 16 20 45 36 26 65 12 64 45 12 65 42 67 90 27 23 65 09 06 33 07 63 34 39 50 83 29 57 85 37 78 57 43 54 82 57 71 58 01 
76 70 73 20 86 91 51 50 22 62 86 65 55 58 43 54 53 86 06 85 43 35 55 78 07 33 07 98 12 07 70 51 07 08 29 62 33 42 48 47 99 33 06 95 99 71 23 99 99 00 29 71 65 72 58 40 15 94 12 52 83 52 37 15 92 34 58 46 28 80 
20 11 38 58 86 09 29 59 79 36 10 08 98 12 78 98 86 35 50 88 47 39 29 95 63 46 96 91 03 64 13 76 70 19 79 18 33 07 85 48 11 55 14 76 42 75 53 24 36 93 48 23 95 39 32 81 81 42 94 39 13 37 56 14 22 33 37 79 32 60 
65 78 49 02 77 91 24 52 52 88 93 71 54 10 16 90 80 31 86 98 36 90 12 45 34 73 98 99 53 08 38 74 91 76 27 69 73 93 62 41 56 28 89 06 46 42 82 46 98 32 52 06 92 34 24 74 66 03 67 03 93 24 98 44 50 19 79 78 82 46 
16 87 69 45 41 07 00 06 99 92 90 52 01 21 55 32 81 57 52 52 03 70 25 58 47 32 29 45 56 26 63 04 64 51 16 65 37 47 92 16 74 59 04 75 13 41 23 77 88 18 38 21 26 29 43 46 62 10 97 09 77 55 50 72 29 86 87 49 04 90 
94 34 64 35 78 43 65 49 44 06 08 51 56 38 88 41 77 34 08 70 03 26 49 83 39 18 09 31 46 27 53 74 73 98 23 04 57 91 51 99 80 12 66 90 00 25 98 12 83 87 08 53 40 34 87 68 84 81 96 59 34 34 02 17 53 34 78 58 14 84 
83 86 82 09 90 90 60 58 82 13 19 97 47 58 18 99 33 38 11 54 19 76 94 91 64 45 10 48 37 66 46 40 97 98 04 21 70 31 44 96 08 25 98 82 40 37 86 43 99 53 00 39 47 60 65 07 92 91 45 44 80 12 21 16 66 79 99 49 54 97 
29 02 94 14 46 93 78 11 51 26 59 66 49 83 65 06 92 36 33 97 29 79 86 00 15 96 04 82 16 60 37 37 89 02 24 98 45 32 14 71 29 80 39 18 84 14 62 37 50 59 87 63 15 57 67 50 16 94 98 49 89 95 95 90 89 22 77 47 59 67 
61 59 22 61 68 49 39 67 15 01 33 67 32 56 73 74 21 31 34 74 81 51 33 64 82 33 84 49 29 62 36 15 77 82 98 27 40 54 89 18 10 48 78 97 16 21 63 38 17 14 00 45 12 85 86 10 25 58 79 34 64 90 38 52 64 17 89 50 58 46 
34 67 42 16 63 32 72 36 47 60 69 46 31 14 61 91 03 91 95 87 01 82 75 54 53 20 09 26 32 99 32 13 79 71 80 33 03 95 22 53 37 89 10 18 64 18 58 24 90 73 13 97 54 70 44 51 91 88 62 42 22 45 04 48 28 56 66 60 34 27 
87 07 69 42 50 12 72 56 89 35 62 85 35 58 85 34 58 08 26 28 41 14 32 79 30 91 85 61 90 08 51 97 89 62 85 06 28 12 20 32 79 35 98 27 80 36 10 45 63 94 97 57 34 06 85 72 74 90 11 58 26 11 66 81 83 65 96 72 72 79 
06 46 87 93 48 06 16 05 99 94 81 39 98 95 10 93 62 83 76 12 31 37 01 62 05 68 69 17 43 14 40 37 72 83 87 51 70 41 57 79 56 69 90 17 76 87 12 70 71 90 02 13 95 60 48 68 45 24 87 80 37 98 61 84 53 44 67 14 08 59 
23 21 25 97 56 62 47 84 86 18 55 98 46 53 12 27 41 12 35 19 06 45 53 76 42 57 08 06 63 32 19 98 62 11 66 81 87 98 04 85 21 61 38 68 25 38 52 07 71 26 02 55 78 88 53 78 67 49 55 98 54 40 20 54 98 56 36 34 87 31 
40 43 08 49 98 44 06 84 51 03 04 00 34 37 30 64 20 73 58 88 13 38 42 05 31 80 40 84 70 68 02 18 20 40 85 58 46 28 89 08 71 82 97 52 93 53 06 83 24 34 36 62 75 98 18 01 00 02 17 18 04 22 14 83 00 86 80 93 51 71 
17 91 83 50 17 30 40 90 12 78 73 57 60 36 31 40 43 21 22 83 58 44 10 71 03 48 68 13 51 06 73 12 31 53 16 45 78 24 81 87 61 09 90 39 44 47 62 78 52 60 43 58 71 67 12 73 80 12 47 68 62 27 39 05 04 61 25 07 19 85 
61 18 40 35 22 48 54 71 27 55 86 89 61 90 63 15 41 63 40 42 64 66 77 12 24 33 70 84 34 83 21 54 58 66 99 25 17 36 44 64 18 09 84 91 81 73 65 49 42 89 20 61 66 77 21 95 41 27 10 88 78 69 36 44 34 31 30 95 90 38 
97 04 19 76 23 55 81 85 30 51 68 20 42 45 63 60 88 81 45 03 83 89 26 55 85 49 73 40 57 50 42 70 58 03 92 15 42 90 53 66 13 55 97 58 20 57 27 91 81 73 43 48 50 87 54 07 78 63 90 74 81 40 28 80 09 98 62 38 53 47 
17 97 28 79 89 27 92 68 35 27 21 82 59 83 06 93 20 71 49 84 37 79 00 78 84 73 27 16 48 22 95 88 38 33 55 46 20 71 97 27 15 10 27 63 52 99 80 44 73 15 77 90 89 68 10 38 97 50 94 16 99 75 19 12 32 32 43 26 27 60 
73 48 74 22 68 26 51 37 25 84 92 83 43 32 44 04 99 69 23 17 49 70 76 80 27 40 91 14 30 19 55 54 16 13 42 28 16 66 00 83 87 60 24 10 23 16 32 86 68 27 33 74 02 10 11 03 72 93 95 28 35 36 06 05 28 37 66 30 90 15 
87 32 68 39 29 88 45 65 56 10 07 04 46 03 86 81 51 05 01 39 56 22 71 71 47 50 54 18 81 85 50 02 96 52 39 00 05 63 80 22 57 06 37 84 20 30 90 02 19 47 86 61 28 50 59 65 61 96 92 79 34 26 83 70 60 05 08 93 63 86 
75 88 24 79 82 49 85 86 51 16 60 51 99 34 99 89 73 45 93 74 39 08 70 01 87 30 22 66 24 14 21 96 39 32 71 97 36 48 68 10 80 74 45 75 19 83 27 49 70 70 31 63 99 89 47 66 17 23 92 51 26 18 61 37 95 63 12 66 62 02 
52 25 77 83 94 64 63 95 81 03 03 73 95 54 82 58 96 49 85 05 79 13 55 16 83 61 12 08 79 56 71 60 87 68 18 06 86 16 95 82 03 22 41 88 48 52 22 07 54 36 66 62 80 57 22 39 69 60 99 32 51 55 15 25 32 42 86 27 36 76 
72 80 54 03 02 57 71 67 68 30 39 05 53 43 90 09 79 29 45 78 36 25 16 62 30 48 06 16 56 05 66 94 71 78 64 85 07 77 55 65 68 02 92 68 93 46 01 72 35 22 62 56 81 57 39 46 64 91 72 53 51 55 10 62 64 44 33 75 78 04 
01 02 74 80 10 34 32 47 68 84 46 33 80 33 42 09 13 13 38 17 21 15 05 01 14 12 92 30 04 49 12 25 94 30 21 60 82 01 47 05 14 16 23 87 07 17 74 76 19 54 31 19 37 61 83 85 96 73 66 97 41 02 42 19 71 21 39 50 12 81 
27 11 66 32 03 04 92 17 94 96 37 15 10 49 18 93 87 33 47 36 64 08 35 50 63 11 73 03 16 85 78 24 64 38 26 19 53 04 57 78 92 78 79 69 59 26 92 93 01 78 33 06 02 76 17 18 75 15 68 92 31 89 01 08 18 13 51 72 22 98 
39 83 75 69 43 85 29 66 90 37 18 80 02 37 52 71 22 88 20 07 44 37 36 65 47 02 76 70 51 46 74 20 70 02 38 50 31 33 32 31 89 09 24 31 73 50 87 63 56 46 91 63 51 14 54 01 46 09 22 40 09 58 14 44 62 98 10 99 98 01 
40 89 55 89 18 34 13 05 92 96 15 12 14 05 55 11 69 55 48 37 03 21 10 91 22 30 94 80 68 74 40 87 65 54 05 02 07 62 96 19 88 41 17 25 25 96 44 09 89 51 29 55 51 61 97 19 78 64 66 87 39 32 37 17 56 28 47 59 00 52 
03 07 58 29 48 62 03 85 66 26 86 85 90 16 45 84 36 03 56 85 23 43 95 08 79 55 04 00 69 96 48 84 09 36 47 21 96 21 12 35 15 93 98 40 01 54 42 20 71 71 92 44 03 14 29 60 12 50 49 93 57 03 15 69 77 01 76 53 68 24 
88 14 91 20 69 30 44 54 06 25 13 84 28 97 04 03 81 94 07 87 09 45 72 19 77 12 77 28 62 99 77 88 51 47 82 77 53 82 44 98 15 57 43 24 80 73 75 18 65 74 20 81 46 81 14 42 41 72 43 57 53 16 91 06 47 24 32 81 14 26 
50 99 49 09 71 51 01 47 38 04 37 59 63 88 79 96 42 70 32 39 35 81 39 87 44 99 66 36 77 55 41 93 03 38 23 21 31 36 09 62 40 94 33 38 20 94 52 02 27 50 82 62 48 75 90 69 59 62 65 71 85 65 70 83 63 43 56 24 65 57 
64 05 60 70 98 41 47 00 67 50 47 63 09 26 72 78 45 27 48 53 61 69 71 38 77 75 23 50 75 77 38 27 37 69 86 76 02 77 76 48 21 59 95 14 24 21 55 43 10 84 97 28 76 11 96 95 33 21 92 22 17 97 25 89 11 19 26 39 40 95 
76 67 51 99 32 02 74 56 13 56 19 79 39 91 79 10 51 25 73 91 43 80 85 53 30 23 34 05 03 05 94 16 03 14 07 29 76 76 79 93 21 77 08 36 03 38 58 33 10 01 67 01 65 49 52 96 82 98 69 08 68 68 53 08 61 03 76 25 83 50 
33 75 46 79 69 65 71 48 50 92 65 00 95 01 37 92 50 54 61 10 46 77 07 70 25 52 23 99 75 99 62 32 49 59 68 91 55 85 79 86 25 34 48 76 43 67 73 52 70 68 52 21 64 73 03 55 68 75 54 17 42 72 72 50 30 32 50 35 32 46 
37 65 75 74 85 12 29 30 27 57 79 70 28 06 46 40 68 76 56 12 23 79 31 62 44 52 61 97 46 10 16 38 19 24 31 87 46 89 88 90 26 38 48 96 37 71 43 66 03 89 64 74 78 20 23 58 33 13 30 32 50 31 83 16 40 41 51 03 75 59 
94 79 88 65 86 84 30 34 24 72 09 95 94 56 46 42 59 99 01 72 53 32 59 55 40 94 54 32 55 96 20 39 91 44 95 85 86 12 34 38 27 98 89 57 23 55 37 27 70 98 81 51 02 02 05 61 19 32 25 91 30 98 79 27 51 69 04 49 60 61 
56 47 65 63 45 54 43 01 31 85 57 27 61 57 15 68 37 88 38 33 65 53 86 43 08 28 19 61 05 54 50 87 66 09 41 34 86 39 56 50 17 17 01 40 33 03 37 22 11 83 32 15 11 27 95 03 60 21 54 16 35 81 96 77 34 69 60 52 15 80 
82 98 32 87 16 47 52 46 09 05 91 96 49 22 22 35 76 39 13 38 74 64 84 39 15 35 21 23 06 64 42 85 07 31 00 33 83 23 10 47 50 13 12 49 25 38 31 73 54 98 93 21 38 76 06 17 14 92 72 80 25 28 40 45 62 06 89 18 21 88 
52 52 28 65 88 60 52 34 14 76 04 48 68 07 71 21 46 30 24 83 19 91 51 30 22 22 73 67 87 18 48 13 51 66 46 40 92 72 88 45 64 79 77 95 76 77 59 32 74 41 59 59 94 38 68 61 01 97 43 65 87 85 47 96 27 91 96 02 61 30 
28 74 42 79 18 39 13 55 54 44 62 40 93 45 58 89 19 13 97 85 38 94 28 22 58 79 32 81 68 85 81 56 71 43 12 85 16 15 19 29 47 46 43 99 02 47 92 01 37 38 72 82 05 75 92 34 45 20 20 39 07 32 86 69 62 06 68 49 33 73 
73 03 93 68 38 91 51 28 19 11 87 31 43 30 13 99 51 96 50 78 39 96 94 80 21 14 59 73 37 96 78 42 68 64 65 68 88 36 37 00 82 17 00 09 51 76 89 56 56 63 54 72 98 54 33 76 09 13 46 23 31 77 91 22 32 44 62 79 64 45 
10 14 58 50 95 22 95 84 28 45 25 03 17 74 42 06 44 13 30 88 58 75 90 13 68 05 26 78 77 07 13 10 91 11 53 40 13 48 59 11 81 25 84 01 98 28 59 16 80 25 00 49 48 76 86 34 24 45 81 89 96 17 06 21 32 14 11 06 21 02 
93 95 54 19 06 32 91 89 14 40 46 09 97 52 07 64 61 15 24 18 15 68 67 69 14 64 18 63 68 83 17 53 95 78 32 04 95 28 69 53 43 34 30 41 43 87 19 54 14 68 53 95 81 02 86 25 28 84 04 42 14 27 20 30 22 92 13 19 19 02 
69 32 45 70 75 80 37 26 26 27 44 63 49 00 30 21 72 92 92 07 76 10 23 26 39 15 14 99 18 51 73 99 35 11 99 20 50 10 27 05 87 02 58 77 97 50 78 19 99 00 20 20 27 12 25 58 08 18 31 60 66 38 07 74 54 45 28 37 01 10 
71 61 65 86 19 74 52 46 28 88 36 94 99 17 30 52 72 22 86 40 11 31 79 67 38 49 94 83 22 52 22 41 17 89 29 59 55 40 93 51 06 62 89 42 23 71 38 90 44 01 72 06 51 61 98 39 82 98 48 70 79 68 23 75 66 95 76 10 87 71 
96 32 29 34 34 49 41 36 43 66 11 04 39 21 80 15 90 56 90 90 76 57 91 22 72 37 38 13 76 28 94 28 02 72 04 40 77 16 26 49 97 45 54 81 59 75 29 02 95 50 04 20 19 97 94 39 40 06 62 97 11 28 59 15 72 83 02 66 16 40 
38 73 29 41 92 31 02 10 63 96 07 35 18 25 23 74 08 04 77 65 00 70 54 29 38 69 85 39 09 75 72 63 86 55 12 31 90 78 05 63 37 29 42 65 89 75 09 34 91 97 74 98 88 50 40 68 19 00 02 22 45 63 00 87 24 44 49 62 13 92 
84 29 98 14 27 70 28 88 40 63 60 51 47 12 01 74 74 35 15 44 11 89 76 83 17 74 28 54 41 44 26 46 20 99 13 44 99 74 23 69 39 31 60 39 62 93 15 88 86 49 70 13 47 69 80 94 53 15 96 53 41 73 47 95 36 13 30 48 98 56 
74 00 12 45 04 80 29 36 20 24 58 39 68 91 74 12 99 50 18 18 91 84 77 69 28 66 83 64 02 49 63 66 90 29 75 70 00 01 65 00 64 16 94 72 94 01 04 55 21 23 13 79 30 80 65 89 22 43 17 37 96 64 34 71 61 92 49 38 16 04 
12 97 85 17 54 74 89 04 74 26 61 28 43 78 35 83 36 10 64 85 47 57 84 28 03 99 82 23 11 02 51 66 39 16 11 16 94 12 25 91 00 17 68 90 75 68 21 55 35 77 55 39 74 30 57 54 13 56 13 54 91 66 93 72 75 95 88 27 67 19 
88 24 84 73 85 29 89 94 53 35 78 27 88 33 47 11 92 08 59 57 02 37 98 71 99 34 24 96 15 79 79 94 88 16 89 31 55 01 45 27 65 18 03 78 76 63 78 59 25 63 03 80 67 10 16 51 25 12 73 51 04 93 79 73 56 84 39 71 44 15 
56 90 62 31 91 84 33 20 95 35 55 65 71 51 76 99 26 77 99 38 06 43 28 94 23 72 39 30 21 91 24 06 15 09 07 12 17 36 18 32 17 04 17 37 95 39 21 27 97 56 58 61 72 06 09 13 62 68 08 19 44 02 98 03 11 49 49 61 44 63 
81 90 59 67 20 01 25 90 99 83 50 12 33 64 33 62 33 09 00 93 49 49 28 98 88 14 05 13 25 45 89 60 82 33 75 68 02 05 85 07 87 72 68 24 69 31 69 33 70 48 16 40 61 50 13 32 61 60 78 06 95 12 64 54 94 90 30 99 89 65 
60 28 24 92 06 77 80 04 29 56 44 72 43 77 29 49 98 31 20 42 06 41 26 78 12 75 07 14 29 79 01 69 44 04 88 87 16 69 44 35 52 57 30 21 61 23 69 87 24 45 91 98 79 47 59 18 02 45 80 31 70 65 74 50 55 75 28 38 89 41 
32 28 87 84 90 48 11 04 16 88 05 19 90 84 87 02 90 97 45 69 85 70 89 12 65 87 83 80 66 86 95 30 98 83 12 63 10 95 56 10 07 97 28 91 25 51 75 89 63 53 84 30 92 19 55 61 39 75 19 03 65 30 38 30 92 74 20 07 72 24 
91 94 40 35 62 88 42 97 86 13 11 93 17 13 01 64 38 79 27 50 23 35 76 53 45 76 59 98 98 50 30 68 16 38 61 90 90 57 56 67 19 41 88 05 91 71 13 25 28 28 36 41 79 21 00 56 18 86 90 86 28 44 98 35 83 43 77 78 51 11 
73 81 22 59 31 81 47 71 61 73 62 34 69 70 14 89 88 94 38 05 71 03 67 70 39 74 43 52 22 47 94 35 73 17 54 55 19 20 90 19 08 47 25 16 23 94 75 27 21 94 55 82 40 46 39 70 13 51 19 56 38 94 48 14 79 27 60 51 16 58 
